participant,date,expName,psychopyVersion,OS,frameRate,browser,xResolution,yResolution,key_resp.keys,key_resp.rt,training_resp.keys,training_resp.rt,points_trial,points_cumul,trainBlock,training.thisRepN,training.thisTrialN,training.thisN,training.thisIndex,training.ran,LTriangleOpac,LCircleOpac,LHexagonOpac,LStarOpac,RTriangleOpac,RCircleOpac,RHexagonOpac,RStarOpac,LShape_ID,RShape_ID,curr_topStim,curr_bottStim,curr_shape,acc,E1,target_resp_prac1.keys,pracBlock,task1_prac_trials.thisRepN,task1_prac_trials.thisTrialN,task1_prac_trials.thisN,task1_prac_trials.thisIndex,task1_prac_trials.ran,target_resp_prac1.rt,target_resp_prac2.keys,target_resp_prac2.rt,task2_praac_trials.thisRepN,task2_praac_trials.thisTrialN,task2_praac_trials.thisN,task2_praac_trials.thisIndex,task2_praac_trials.ran,alt,task,condition,target_resp.keys,target_resp.rt,rewCond,vts_practice_trials.thisRepN,vts_practice_trials.thisTrialN,vts_practice_trials.thisN,vts_practice_trials.thisIndex,vts_practice_trials.ran,blockNum,trials_norew.thisRepN,trials_norew.thisTrialN,trials_norew.thisN,trials_norew.thisIndex,trials_norew.ran,key_resp_2.keys,key_resp_2.rt,rewExpect,trials_rew.thisRepN,trials_rew.thisTrialN,trials_rew.thisN,trials_rew.thisIndex,trials_rew.ran,Q1,Q2,Q2_text,Q3,Q4,Q5_text,Q5,xRes,yRes
293365,2022-10-04_18h30.24.318,vts_reward_expectancy,2022.2.4,MacIntel,59.99880002,Chrome,1440,813,,,,,,,,,,,,,,,,,,,,,,,,,,,,,,,,,,,,,,,,,,,,,,,,,,,,,,,,,,,,,,,,,,,,,,,,,,,,
293365,2022-10-04_18h30.24.318,vts_reward_expectancy,2022.2.4,MacIntel,59.99880002,Chrome,1440,813,space,24.2027,,,,,,,,,,,,,,,,,,,,,,,,,,,,,,,,,,,,,,,,,,,,,,,,,,,,,,,,,,,,,,,,,,,,,,,,,,
293365,2022-10-04_18h30.24.318,vts_reward_expectancy,2022.2.4,MacIntel,59.99880002,Chrome,1440,813,,,,,,,,,,,,,,,,,,,,,,,,,,,,,,,,,,,,,,,,,,,,,,,,,,,,,,,,,,,,,,,,,,,,,,,,,,,,
293365,2022-10-04_18h30.24.318,vts_reward_expectancy,2022.2.4,MacIntel,59.99880002,Chrome,1440,813,,,a,2.6468,10,10,0,0,0,0,6,1,0,0,1,0,1,0,0,0,hexagon,triangle,,,,,,,,,,,,,,,,,,,,,,,,,,,,,,,,,,,,,,,,,,,,,,,,,,,,,,
293365,2022-10-04_18h30.24.318,vts_reward_expectancy,2022.2.4,MacIntel,59.99880002,Chrome,1440,813,,,l,6.1168,1,11,0,0,1,1,10,1,0,0,0,1,0,1,0,0,star ,circle,,,,,,,,,,,,,,,,,,,,,,,,,,,,,,,,,,,,,,,,,,,,,,,,,,,,,,
293365,2022-10-04_18h30.24.318,vts_reward_expectancy,2022.2.4,MacIntel,59.99880002,Chrome,1440,813,,,l,0.8852,1,12,0,0,2,2,8,1,0,0,1,0,0,0,0,1,hexagon,star,,,,,,,,,,,,,,,,,,,,,,,,,,,,,,,,,,,,,,,,,,,,,,,,,,,,,,
293365,2022-10-04_18h30.24.318,vts_reward_expectancy,2022.2.4,MacIntel,59.99880002,Chrome,1440,813,,,a,0.8871,10,22,0,0,3,3,11,1,0,0,0,1,0,0,1,0,star,hexagon,,,,,,,,,,,,,,,,,,,,,,,,,,,,,,,,,,,,,,,,,,,,,,,,,,,,,,
293365,2022-10-04_18h30.24.318,vts_reward_expectancy,2022.2.4,MacIntel,59.99880002,Chrome,1440,813,,,a,0.4341,10,32,0,0,4,4,9,1,0,0,0,1,1,0,0,0,star,triangle,,,,,,,,,,,,,,,,,,,,,,,,,,,,,,,,,,,,,,,,,,,,,,,,,,,,,,
293365,2022-10-04_18h30.24.318,vts_reward_expectancy,2022.2.4,MacIntel,59.99880002,Chrome,1440,813,,,a,0.8349,10,42,0,0,5,5,0,1,1,0,0,0,0,1,0,0,triangle,circle,,,,,,,,,,,,,,,,,,,,,,,,,,,,,,,,,,,,,,,,,,,,,,,,,,,,,,
293365,2022-10-04_18h30.24.318,vts_reward_expectancy,2022.2.4,MacIntel,59.99880002,Chrome,1440,813,,,a,0.4323,1,43,0,0,6,6,4,1,0,1,0,0,0,0,1,0,circle,hexagon,,,,,,,,,,,,,,,,,,,,,,,,,,,,,,,,,,,,,,,,,,,,,,,,,,,,,,
293365,2022-10-04_18h30.24.318,vts_reward_expectancy,2022.2.4,MacIntel,59.99880002,Chrome,1440,813,,,a,1.3667,1,44,0,0,7,7,5,1,0,1,0,0,0,0,0,1,circle,star,,,,,,,,,,,,,,,,,,,,,,,,,,,,,,,,,,,,,,,,,,,,,,,,,,,,,,
293365,2022-10-04_18h30.24.318,vts_reward_expectancy,2022.2.4,MacIntel,59.99880002,Chrome,1440,813,,,a,0.8861,1,45,0,0,8,8,7,1,0,0,1,0,0,1,0,0,hexagon,circle,,,,,,,,,,,,,,,,,,,,,,,,,,,,,,,,,,,,,,,,,,,,,,,,,,,,,,
293365,2022-10-04_18h30.24.318,vts_reward_expectancy,2022.2.4,MacIntel,59.99880002,Chrome,1440,813,,,l,0.966,10,55,0,0,9,9,3,1,0,1,0,0,1,0,0,0,circle,triangle,,,,,,,,,,,,,,,,,,,,,,,,,,,,,,,,,,,,,,,,,,,,,,,,,,,,,,
293365,2022-10-04_18h30.24.318,vts_reward_expectancy,2022.2.4,MacIntel,59.99880002,Chrome,1440,813,,,l,0.7674,10,65,0,0,10,10,2,1,1,0,0,0,0,0,0,1,triangle,star,,,,,,,,,,,,,,,,,,,,,,,,,,,,,,,,,,,,,,,,,,,,,,,,,,,,,,
293365,2022-10-04_18h30.24.318,vts_reward_expectancy,2022.2.4,MacIntel,59.99880002,Chrome,1440,813,,,a,0.439,10,75,0,0,11,11,1,1,1,0,0,0,0,0,1,0,triangle,hexagon,,,,,,,,,,,,,,,,,,,,,,,,,,,,,,,,,,,,,,,,,,,,,,,,,,,,,,
293365,2022-10-04_18h30.24.318,vts_reward_expectancy,2022.2.4,MacIntel,59.99880002,Chrome,1440,813,,,a,0.8171,10,85,0,1,0,12,5,1,0,1,0,0,0,0,0,1,circle,star,,,,,,,,,,,,,,,,,,,,,,,,,,,,,,,,,,,,,,,,,,,,,,,,,,,,,,
293365,2022-10-04_18h30.24.318,vts_reward_expectancy,2022.2.4,MacIntel,59.99880002,Chrome,1440,813,,,a,0.3992,10,95,0,1,1,13,3,1,0,1,0,0,1,0,0,0,circle,triangle,,,,,,,,,,,,,,,,,,,,,,,,,,,,,,,,,,,,,,,,,,,,,,,,,,,,,,
293365,2022-10-04_18h30.24.318,vts_reward_expectancy,2022.2.4,MacIntel,59.99880002,Chrome,1440,813,,,l,0.3872,1,96,0,1,2,14,9,1,0,0,0,1,1,0,0,0,star,triangle,,,,,,,,,,,,,,,,,,,,,,,,,,,,,,,,,,,,,,,,,,,,,,,,,,,,,,
293365,2022-10-04_18h30.24.318,vts_reward_expectancy,2022.2.4,MacIntel,59.99880002,Chrome,1440,813,,,l,0.3524,10,106,0,1,3,15,0,1,1,0,0,0,0,1,0,0,triangle,circle,,,,,,,,,,,,,,,,,,,,,,,,,,,,,,,,,,,,,,,,,,,,,,,,,,,,,,
293365,2022-10-04_18h30.24.318,vts_reward_expectancy,2022.2.4,MacIntel,59.99880002,Chrome,1440,813,,,l,0.4491,1,107,0,1,4,16,7,1,0,0,1,0,0,1,0,0,hexagon,circle,,,,,,,,,,,,,,,,,,,,,,,,,,,,,,,,,,,,,,,,,,,,,,,,,,,,,,
293365,2022-10-04_18h30.24.318,vts_reward_expectancy,2022.2.4,MacIntel,59.99880002,Chrome,1440,813,,,a,0.6648,1,108,0,1,5,17,8,1,0,0,1,0,0,0,0,1,hexagon,star,,,,,,,,,,,,,,,,,,,,,,,,,,,,,,,,,,,,,,,,,,,,,,,,,,,,,,
293365,2022-10-04_18h30.24.318,vts_reward_expectancy,2022.2.4,MacIntel,59.99880002,Chrome,1440,813,,,a,1.741,1,109,0,1,6,18,2,1,1,0,0,0,0,0,0,1,triangle,star,,,,,,,,,,,,,,,,,,,,,,,,,,,,,,,,,,,,,,,,,,,,,,,,,,,,,,
293365,2022-10-04_18h30.24.318,vts_reward_expectancy,2022.2.4,MacIntel,59.99880002,Chrome,1440,813,,,l,1.3449,1,110,0,1,7,19,1,1,1,0,0,0,0,0,1,0,triangle,hexagon,,,,,,,,,,,,,,,,,,,,,,,,,,,,,,,,,,,,,,,,,,,,,,,,,,,,,,
293365,2022-10-04_18h30.24.318,vts_reward_expectancy,2022.2.4,MacIntel,59.99880002,Chrome,1440,813,,,a,2.5224,1,111,0,1,8,20,6,1,0,0,1,0,1,0,0,0,hexagon,triangle,,,,,,,,,,,,,,,,,,,,,,,,,,,,,,,,,,,,,,,,,,,,,,,,,,,,,,
293365,2022-10-04_18h30.24.318,vts_reward_expectancy,2022.2.4,MacIntel,59.99880002,Chrome,1440,813,,,a,2.4179,10,121,0,1,9,21,11,1,0,0,0,1,0,0,1,0,star,hexagon,,,,,,,,,,,,,,,,,,,,,,,,,,,,,,,,,,,,,,,,,,,,,,,,,,,,,,
293365,2022-10-04_18h30.24.318,vts_reward_expectancy,2022.2.4,MacIntel,59.99880002,Chrome,1440,813,,,l,2.021,1,122,0,1,10,22,4,1,0,1,0,0,0,0,1,0,circle,hexagon,,,,,,,,,,,,,,,,,,,,,,,,,,,,,,,,,,,,,,,,,,,,,,,,,,,,,,
293365,2022-10-04_18h30.24.318,vts_reward_expectancy,2022.2.4,MacIntel,59.99880002,Chrome,1440,813,,,a,1.8034,1,123,0,1,11,23,10,1,0,0,0,1,0,1,0,0,star ,circle,,,,,,,,,,,,,,,,,,,,,,,,,,,,,,,,,,,,,,,,,,,,,,,,,,,,,,
293365,2022-10-04_18h30.24.318,vts_reward_expectancy,2022.2.4,MacIntel,59.99880002,Chrome,1440,813,,,l,1.4679,10,133,0,2,0,24,7,1,0,0,1,0,0,1,0,0,hexagon,circle,,,,,,,,,,,,,,,,,,,,,,,,,,,,,,,,,,,,,,,,,,,,,,,,,,,,,,
293365,2022-10-04_18h30.24.318,vts_reward_expectancy,2022.2.4,MacIntel,59.99880002,Chrome,1440,813,,,a,2.3704,1,134,0,2,1,25,8,1,0,0,1,0,0,0,0,1,hexagon,star,,,,,,,,,,,,,,,,,,,,,,,,,,,,,,,,,,,,,,,,,,,,,,,,,,,,,,
293365,2022-10-04_18h30.24.318,vts_reward_expectancy,2022.2.4,MacIntel,59.99880002,Chrome,1440,813,,,a,1.3635,1,135,0,2,2,26,11,1,0,0,0,1,0,0,1,0,star,hexagon,,,,,,,,,,,,,,,,,,,,,,,,,,,,,,,,,,,,,,,,,,,,,,,,,,,,,,
293365,2022-10-04_18h30.24.318,vts_reward_expectancy,2022.2.4,MacIntel,59.99880002,Chrome,1440,813,,,l,4.5506,10,145,0,2,3,27,6,1,0,0,1,0,1,0,0,0,hexagon,triangle,,,,,,,,,,,,,,,,,,,,,,,,,,,,,,,,,,,,,,,,,,,,,,,,,,,,,,
293365,2022-10-04_18h30.24.318,vts_reward_expectancy,2022.2.4,MacIntel,59.99880002,Chrome,1440,813,,,a,1.5747,1,146,0,2,4,28,2,1,1,0,0,0,0,0,0,1,triangle,star,,,,,,,,,,,,,,,,,,,,,,,,,,,,,,,,,,,,,,,,,,,,,,,,,,,,,,
293365,2022-10-04_18h30.24.318,vts_reward_expectancy,2022.2.4,MacIntel,59.99880002,Chrome,1440,813,,,a,1.2984,10,156,0,2,5,29,9,1,0,0,0,1,1,0,0,0,star,triangle,,,,,,,,,,,,,,,,,,,,,,,,,,,,,,,,,,,,,,,,,,,,,,,,,,,,,,
293365,2022-10-04_18h30.24.318,vts_reward_expectancy,2022.2.4,MacIntel,59.99880002,Chrome,1440,813,,,l,1.185,1,157,0,2,6,30,10,1,0,0,0,1,0,1,0,0,star ,circle,,,,,,,,,,,,,,,,,,,,,,,,,,,,,,,,,,,,,,,,,,,,,,,,,,,,,,
293365,2022-10-04_18h30.24.318,vts_reward_expectancy,2022.2.4,MacIntel,59.99880002,Chrome,1440,813,,,a,0.7449,10,167,0,2,7,31,4,1,0,1,0,0,0,0,1,0,circle,hexagon,,,,,,,,,,,,,,,,,,,,,,,,,,,,,,,,,,,,,,,,,,,,,,,,,,,,,,
293365,2022-10-04_18h30.24.318,vts_reward_expectancy,2022.2.4,MacIntel,59.99880002,Chrome,1440,813,,,l,1.685,1,168,0,2,8,32,3,1,0,1,0,0,1,0,0,0,circle,triangle,,,,,,,,,,,,,,,,,,,,,,,,,,,,,,,,,,,,,,,,,,,,,,,,,,,,,,
293365,2022-10-04_18h30.24.318,vts_reward_expectancy,2022.2.4,MacIntel,59.99880002,Chrome,1440,813,,,l,2.1717,10,178,0,2,9,33,5,1,0,1,0,0,0,0,0,1,circle,star,,,,,,,,,,,,,,,,,,,,,,,,,,,,,,,,,,,,,,,,,,,,,,,,,,,,,,
293365,2022-10-04_18h30.24.318,vts_reward_expectancy,2022.2.4,MacIntel,59.99880002,Chrome,1440,813,,,l,1.5889,1,179,0,2,10,34,0,1,1,0,0,0,0,1,0,0,triangle,circle,,,,,,,,,,,,,,,,,,,,,,,,,,,,,,,,,,,,,,,,,,,,,,,,,,,,,,
293365,2022-10-04_18h30.24.318,vts_reward_expectancy,2022.2.4,MacIntel,59.99880002,Chrome,1440,813,,,a,1.9331,1,180,0,2,11,35,1,1,1,0,0,0,0,0,1,0,triangle,hexagon,,,,,,,,,,,,,,,,,,,,,,,,,,,,,,,,,,,,,,,,,,,,,,,,,,,,,,
293365,2022-10-04_18h30.24.318,vts_reward_expectancy,2022.2.4,MacIntel,59.99880002,Chrome,1440,813,,,l,1.7211,1,181,1,0,0,0,1,1,1,0,0,0,0,0,1,0,triangle,hexagon,,,,,,,,,,,,,,,,,,,,,,,,,,,,,,,,,,,,,,,,,,,,,,,,,,,,,,
293365,2022-10-04_18h30.24.318,vts_reward_expectancy,2022.2.4,MacIntel,59.99880002,Chrome,1440,813,,,a,1.7336,1,182,1,0,1,1,4,1,0,1,0,0,0,0,1,0,circle,hexagon,,,,,,,,,,,,,,,,,,,,,,,,,,,,,,,,,,,,,,,,,,,,,,,,,,,,,,
293365,2022-10-04_18h30.24.318,vts_reward_expectancy,2022.2.4,MacIntel,59.99880002,Chrome,1440,813,,,a,0.8676,10,192,1,0,2,2,9,1,0,0,0,1,1,0,0,0,star,triangle,,,,,,,,,,,,,,,,,,,,,,,,,,,,,,,,,,,,,,,,,,,,,,,,,,,,,,
293365,2022-10-04_18h30.24.318,vts_reward_expectancy,2022.2.4,MacIntel,59.99880002,Chrome,1440,813,,,a,0.9538,10,202,1,0,3,3,11,1,0,0,0,1,0,0,1,0,star,hexagon,,,,,,,,,,,,,,,,,,,,,,,,,,,,,,,,,,,,,,,,,,,,,,,,,,,,,,
293365,2022-10-04_18h30.24.318,vts_reward_expectancy,2022.2.4,MacIntel,59.99880002,Chrome,1440,813,,,l,0.8291,10,212,1,0,4,4,5,1,0,1,0,0,0,0,0,1,circle,star,,,,,,,,,,,,,,,,,,,,,,,,,,,,,,,,,,,,,,,,,,,,,,,,,,,,,,
293365,2022-10-04_18h30.24.318,vts_reward_expectancy,2022.2.4,MacIntel,59.99880002,Chrome,1440,813,,,l,1.402,1,213,1,0,5,5,0,1,1,0,0,0,0,1,0,0,triangle,circle,,,,,,,,,,,,,,,,,,,,,,,,,,,,,,,,,,,,,,,,,,,,,,,,,,,,,,
293365,2022-10-04_18h30.24.318,vts_reward_expectancy,2022.2.4,MacIntel,59.99880002,Chrome,1440,813,,,l,1.1165,10,223,1,0,6,6,7,1,0,0,1,0,0,1,0,0,hexagon,circle,,,,,,,,,,,,,,,,,,,,,,,,,,,,,,,,,,,,,,,,,,,,,,,,,,,,,,
293365,2022-10-04_18h30.24.318,vts_reward_expectancy,2022.2.4,MacIntel,59.99880002,Chrome,1440,813,,,a,1.4489,1,224,1,0,7,7,6,1,0,0,1,0,1,0,0,0,hexagon,triangle,,,,,,,,,,,,,,,,,,,,,,,,,,,,,,,,,,,,,,,,,,,,,,,,,,,,,,
293365,2022-10-04_18h30.24.318,vts_reward_expectancy,2022.2.4,MacIntel,59.99880002,Chrome,1440,813,,,a,1.1555,1,225,1,0,8,8,3,1,0,1,0,0,1,0,0,0,circle,triangle,,,,,,,,,,,,,,,,,,,,,,,,,,,,,,,,,,,,,,,,,,,,,,,,,,,,,,
293365,2022-10-04_18h30.24.318,vts_reward_expectancy,2022.2.4,MacIntel,59.99880002,Chrome,1440,813,,,a,1.5378,1,226,1,0,9,9,2,1,1,0,0,0,0,0,0,1,triangle,star,,,,,,,,,,,,,,,,,,,,,,,,,,,,,,,,,,,,,,,,,,,,,,,,,,,,,,
293365,2022-10-04_18h30.24.318,vts_reward_expectancy,2022.2.4,MacIntel,59.99880002,Chrome,1440,813,,,l,1.3889,10,236,1,0,10,10,8,1,0,0,1,0,0,0,0,1,hexagon,star,,,,,,,,,,,,,,,,,,,,,,,,,,,,,,,,,,,,,,,,,,,,,,,,,,,,,,
293365,2022-10-04_18h30.24.318,vts_reward_expectancy,2022.2.4,MacIntel,59.99880002,Chrome,1440,813,,,l,0.9973,10,246,1,0,11,11,10,1,0,0,0,1,0,1,0,0,star ,circle,,,,,,,,,,,,,,,,,,,,,,,,,,,,,,,,,,,,,,,,,,,,,,,,,,,,,,
293365,2022-10-04_18h30.24.318,vts_reward_expectancy,2022.2.4,MacIntel,59.99880002,Chrome,1440,813,,,l,1.8013,10,256,1,1,0,12,10,1,0,0,0,1,0,1,0,0,star ,circle,,,,,,,,,,,,,,,,,,,,,,,,,,,,,,,,,,,,,,,,,,,,,,,,,,,,,,
293365,2022-10-04_18h30.24.318,vts_reward_expectancy,2022.2.4,MacIntel,59.99880002,Chrome,1440,813,,,a,1.4196,1,257,1,1,1,13,6,1,0,0,1,0,1,0,0,0,hexagon,triangle,,,,,,,,,,,,,,,,,,,,,,,,,,,,,,,,,,,,,,,,,,,,,,,,,,,,,,
293365,2022-10-04_18h30.24.318,vts_reward_expectancy,2022.2.4,MacIntel,59.99880002,Chrome,1440,813,,,l,0.7746,10,267,1,1,2,14,3,1,0,1,0,0,1,0,0,0,circle,triangle,,,,,,,,,,,,,,,,,,,,,,,,,,,,,,,,,,,,,,,,,,,,,,,,,,,,,,
293365,2022-10-04_18h30.24.318,vts_reward_expectancy,2022.2.4,MacIntel,59.99880002,Chrome,1440,813,,,a,2.5103,10,277,1,1,3,15,5,1,0,1,0,0,0,0,0,1,circle,star,,,,,,,,,,,,,,,,,,,,,,,,,,,,,,,,,,,,,,,,,,,,,,,,,,,,,,
293365,2022-10-04_18h30.24.318,vts_reward_expectancy,2022.2.4,MacIntel,59.99880002,Chrome,1440,813,,,a,1.4826,1,278,1,1,4,16,11,1,0,0,0,1,0,0,1,0,star,hexagon,,,,,,,,,,,,,,,,,,,,,,,,,,,,,,,,,,,,,,,,,,,,,,,,,,,,,,
293365,2022-10-04_18h30.24.318,vts_reward_expectancy,2022.2.4,MacIntel,59.99880002,Chrome,1440,813,,,a,1.5041,10,288,1,1,5,17,9,1,0,0,0,1,1,0,0,0,star,triangle,,,,,,,,,,,,,,,,,,,,,,,,,,,,,,,,,,,,,,,,,,,,,,,,,,,,,,
293365,2022-10-04_18h30.24.318,vts_reward_expectancy,2022.2.4,MacIntel,59.99880002,Chrome,1440,813,,,a,1.8964,1,289,1,1,6,18,4,1,0,1,0,0,0,0,1,0,circle,hexagon,,,,,,,,,,,,,,,,,,,,,,,,,,,,,,,,,,,,,,,,,,,,,,,,,,,,,,
293365,2022-10-04_18h30.24.318,vts_reward_expectancy,2022.2.4,MacIntel,59.99880002,Chrome,1440,813,,,l,0.7262,10,299,1,1,7,19,8,1,0,0,1,0,0,0,0,1,hexagon,star,,,,,,,,,,,,,,,,,,,,,,,,,,,,,,,,,,,,,,,,,,,,,,,,,,,,,,
293365,2022-10-04_18h30.24.318,vts_reward_expectancy,2022.2.4,MacIntel,59.99880002,Chrome,1440,813,,,l,1.1021,10,309,1,1,8,20,7,1,0,0,1,0,0,1,0,0,hexagon,circle,,,,,,,,,,,,,,,,,,,,,,,,,,,,,,,,,,,,,,,,,,,,,,,,,,,,,,
293365,2022-10-04_18h30.24.318,vts_reward_expectancy,2022.2.4,MacIntel,59.99880002,Chrome,1440,813,,,a,1.0988,1,310,1,1,9,21,1,1,1,0,0,0,0,0,1,0,triangle,hexagon,,,,,,,,,,,,,,,,,,,,,,,,,,,,,,,,,,,,,,,,,,,,,,,,,,,,,,
293365,2022-10-04_18h30.24.318,vts_reward_expectancy,2022.2.4,MacIntel,59.99880002,Chrome,1440,813,,,l,0.9206,10,320,1,1,10,22,2,1,1,0,0,0,0,0,0,1,triangle,star,,,,,,,,,,,,,,,,,,,,,,,,,,,,,,,,,,,,,,,,,,,,,,,,,,,,,,
293365,2022-10-04_18h30.24.318,vts_reward_expectancy,2022.2.4,MacIntel,59.99880002,Chrome,1440,813,,,l,0.8163,10,330,1,1,11,23,0,1,1,0,0,0,0,1,0,0,triangle,circle,,,,,,,,,,,,,,,,,,,,,,,,,,,,,,,,,,,,,,,,,,,,,,,,,,,,,,
293365,2022-10-04_18h30.24.318,vts_reward_expectancy,2022.2.4,MacIntel,59.99880002,Chrome,1440,813,,,a,0.2996,1,331,1,2,0,24,2,1,1,0,0,0,0,0,0,1,triangle,star,,,,,,,,,,,,,,,,,,,,,,,,,,,,,,,,,,,,,,,,,,,,,,,,,,,,,,
293365,2022-10-04_18h30.24.318,vts_reward_expectancy,2022.2.4,MacIntel,59.99880002,Chrome,1440,813,,,a,1.3866,1,332,1,2,1,25,10,1,0,0,0,1,0,1,0,0,star ,circle,,,,,,,,,,,,,,,,,,,,,,,,,,,,,,,,,,,,,,,,,,,,,,,,,,,,,,
293365,2022-10-04_18h30.24.318,vts_reward_expectancy,2022.2.4,MacIntel,59.99880002,Chrome,1440,813,,,l,0.5374,1,333,1,2,2,26,0,1,1,0,0,0,0,1,0,0,triangle,circle,,,,,,,,,,,,,,,,,,,,,,,,,,,,,,,,,,,,,,,,,,,,,,,,,,,,,,
293365,2022-10-04_18h30.24.318,vts_reward_expectancy,2022.2.4,MacIntel,59.99880002,Chrome,1440,813,,,l,0.7355,10,343,1,2,3,27,8,1,0,0,1,0,0,0,0,1,hexagon,star,,,,,,,,,,,,,,,,,,,,,,,,,,,,,,,,,,,,,,,,,,,,,,,,,,,,,,
293365,2022-10-04_18h30.24.318,vts_reward_expectancy,2022.2.4,MacIntel,59.99880002,Chrome,1440,813,,,a,0.9991,10,353,1,2,4,28,1,1,1,0,0,0,0,0,1,0,triangle,hexagon,,,,,,,,,,,,,,,,,,,,,,,,,,,,,,,,,,,,,,,,,,,,,,,,,,,,,,
293365,2022-10-04_18h30.24.318,vts_reward_expectancy,2022.2.4,MacIntel,59.99880002,Chrome,1440,813,,,l,2.1149,1,354,1,2,5,29,11,1,0,0,0,1,0,0,1,0,star,hexagon,,,,,,,,,,,,,,,,,,,,,,,,,,,,,,,,,,,,,,,,,,,,,,,,,,,,,,
293365,2022-10-04_18h30.24.318,vts_reward_expectancy,2022.2.4,MacIntel,59.99880002,Chrome,1440,813,,,l,2.2044,1,355,1,2,6,30,7,1,0,0,1,0,0,1,0,0,hexagon,circle,,,,,,,,,,,,,,,,,,,,,,,,,,,,,,,,,,,,,,,,,,,,,,,,,,,,,,
293365,2022-10-04_18h30.24.318,vts_reward_expectancy,2022.2.4,MacIntel,59.99880002,Chrome,1440,813,,,a,1.8253,1,356,1,2,7,31,5,1,0,1,0,0,0,0,0,1,circle,star,,,,,,,,,,,,,,,,,,,,,,,,,,,,,,,,,,,,,,,,,,,,,,,,,,,,,,
293365,2022-10-04_18h30.24.318,vts_reward_expectancy,2022.2.4,MacIntel,59.99880002,Chrome,1440,813,,,l,2.9154,1,357,1,2,8,32,6,1,0,0,1,0,1,0,0,0,hexagon,triangle,,,,,,,,,,,,,,,,,,,,,,,,,,,,,,,,,,,,,,,,,,,,,,,,,,,,,,
293365,2022-10-04_18h30.24.318,vts_reward_expectancy,2022.2.4,MacIntel,59.99880002,Chrome,1440,813,,,l,1.1552,10,367,1,2,9,33,3,1,0,1,0,0,1,0,0,0,circle,triangle,,,,,,,,,,,,,,,,,,,,,,,,,,,,,,,,,,,,,,,,,,,,,,,,,,,,,,
293365,2022-10-04_18h30.24.318,vts_reward_expectancy,2022.2.4,MacIntel,59.99880002,Chrome,1440,813,,,a,1.1886,1,368,1,2,10,34,4,1,0,1,0,0,0,0,1,0,circle,hexagon,,,,,,,,,,,,,,,,,,,,,,,,,,,,,,,,,,,,,,,,,,,,,,,,,,,,,,
293365,2022-10-04_18h30.24.318,vts_reward_expectancy,2022.2.4,MacIntel,59.99880002,Chrome,1440,813,,,l,1.3647,10,378,1,2,11,35,9,1,0,0,0,1,1,0,0,0,star,triangle,,,,,,,,,,,,,,,,,,,,,,,,,,,,,,,,,,,,,,,,,,,,,,,,,,,,,,
293365,2022-10-04_18h30.24.318,vts_reward_expectancy,2022.2.4,MacIntel,59.99880002,Chrome,1440,813,,,a,1.4356,10,388,2,0,0,0,4,1,0,1,0,0,0,0,1,0,circle,hexagon,,,,,,,,,,,,,,,,,,,,,,,,,,,,,,,,,,,,,,,,,,,,,,,,,,,,,,
293365,2022-10-04_18h30.24.318,vts_reward_expectancy,2022.2.4,MacIntel,59.99880002,Chrome,1440,813,,,l,1.0833,10,398,2,0,1,1,7,1,0,0,1,0,0,1,0,0,hexagon,circle,,,,,,,,,,,,,,,,,,,,,,,,,,,,,,,,,,,,,,,,,,,,,,,,,,,,,,
293365,2022-10-04_18h30.24.318,vts_reward_expectancy,2022.2.4,MacIntel,59.99880002,Chrome,1440,813,,,a,1.268,1,399,2,0,2,2,0,1,1,0,0,0,0,1,0,0,triangle,circle,,,,,,,,,,,,,,,,,,,,,,,,,,,,,,,,,,,,,,,,,,,,,,,,,,,,,,
293365,2022-10-04_18h30.24.318,vts_reward_expectancy,2022.2.4,MacIntel,59.99880002,Chrome,1440,813,,,a,0.5038,1,400,2,0,3,3,5,1,0,1,0,0,0,0,0,1,circle,star,,,,,,,,,,,,,,,,,,,,,,,,,,,,,,,,,,,,,,,,,,,,,,,,,,,,,,
293365,2022-10-04_18h30.24.318,vts_reward_expectancy,2022.2.4,MacIntel,59.99880002,Chrome,1440,813,,,l,1.2545,10,410,2,0,4,4,11,1,0,0,0,1,0,0,1,0,star,hexagon,,,,,,,,,,,,,,,,,,,,,,,,,,,,,,,,,,,,,,,,,,,,,,,,,,,,,,
293365,2022-10-04_18h30.24.318,vts_reward_expectancy,2022.2.4,MacIntel,59.99880002,Chrome,1440,813,,,l,0.4719,1,411,2,0,5,5,3,1,0,1,0,0,1,0,0,0,circle,triangle,,,,,,,,,,,,,,,,,,,,,,,,,,,,,,,,,,,,,,,,,,,,,,,,,,,,,,
293365,2022-10-04_18h30.24.318,vts_reward_expectancy,2022.2.4,MacIntel,59.99880002,Chrome,1440,813,,,l,0.5362,1,412,2,0,6,6,9,1,0,0,0,1,1,0,0,0,star,triangle,,,,,,,,,,,,,,,,,,,,,,,,,,,,,,,,,,,,,,,,,,,,,,,,,,,,,,
293365,2022-10-04_18h30.24.318,vts_reward_expectancy,2022.2.4,MacIntel,59.99880002,Chrome,1440,813,,,l,0.3056,10,422,2,0,7,7,2,1,1,0,0,0,0,0,0,1,triangle,star,,,,,,,,,,,,,,,,,,,,,,,,,,,,,,,,,,,,,,,,,,,,,,,,,,,,,,
293365,2022-10-04_18h30.24.318,vts_reward_expectancy,2022.2.4,MacIntel,59.99880002,Chrome,1440,813,,,l,0.3679,1,423,2,0,8,8,8,1,0,0,1,0,0,0,0,1,hexagon,star,,,,,,,,,,,,,,,,,,,,,,,,,,,,,,,,,,,,,,,,,,,,,,,,,,,,,,
293365,2022-10-04_18h30.24.318,vts_reward_expectancy,2022.2.4,MacIntel,59.99880002,Chrome,1440,813,,,l,0.3829,1,424,2,0,9,9,1,1,1,0,0,0,0,0,1,0,triangle,hexagon,,,,,,,,,,,,,,,,,,,,,,,,,,,,,,,,,,,,,,,,,,,,,,,,,,,,,,
293365,2022-10-04_18h30.24.318,vts_reward_expectancy,2022.2.4,MacIntel,59.99880002,Chrome,1440,813,,,a,0.4494,1,425,2,0,10,10,6,1,0,0,1,0,1,0,0,0,hexagon,triangle,,,,,,,,,,,,,,,,,,,,,,,,,,,,,,,,,,,,,,,,,,,,,,,,,,,,,,
293365,2022-10-04_18h30.24.318,vts_reward_expectancy,2022.2.4,MacIntel,59.99880002,Chrome,1440,813,,,a,0.341,1,426,2,0,11,11,10,1,0,0,0,1,0,1,0,0,star ,circle,,,,,,,,,,,,,,,,,,,,,,,,,,,,,,,,,,,,,,,,,,,,,,,,,,,,,,
293365,2022-10-04_18h30.24.318,vts_reward_expectancy,2022.2.4,MacIntel,59.99880002,Chrome,1440,813,,,l,0.1703,1,427,2,1,0,12,2,1,1,0,0,0,0,0,0,1,triangle,star,,,,,,,,,,,,,,,,,,,,,,,,,,,,,,,,,,,,,,,,,,,,,,,,,,,,,,
293365,2022-10-04_18h30.24.318,vts_reward_expectancy,2022.2.4,MacIntel,59.99880002,Chrome,1440,813,,,a,0.3907,10,437,2,1,1,13,1,1,1,0,0,0,0,0,1,0,triangle,hexagon,,,,,,,,,,,,,,,,,,,,,,,,,,,,,,,,,,,,,,,,,,,,,,,,,,,,,,
293365,2022-10-04_18h30.24.318,vts_reward_expectancy,2022.2.4,MacIntel,59.99880002,Chrome,1440,813,,,a,0.9322,10,447,2,1,2,14,11,1,0,0,0,1,0,0,1,0,star,hexagon,,,,,,,,,,,,,,,,,,,,,,,,,,,,,,,,,,,,,,,,,,,,,,,,,,,,,,
293365,2022-10-04_18h30.24.318,vts_reward_expectancy,2022.2.4,MacIntel,59.99880002,Chrome,1440,813,,,a,0.923,10,457,2,1,3,15,10,1,0,0,0,1,0,1,0,0,star ,circle,,,,,,,,,,,,,,,,,,,,,,,,,,,,,,,,,,,,,,,,,,,,,,,,,,,,,,
293365,2022-10-04_18h30.24.318,vts_reward_expectancy,2022.2.4,MacIntel,59.99880002,Chrome,1440,813,,,l,1.5662,1,458,2,1,4,16,3,1,0,1,0,0,1,0,0,0,circle,triangle,,,,,,,,,,,,,,,,,,,,,,,,,,,,,,,,,,,,,,,,,,,,,,,,,,,,,,
293365,2022-10-04_18h30.24.318,vts_reward_expectancy,2022.2.4,MacIntel,59.99880002,Chrome,1440,813,,,l,0.3703,10,468,2,1,5,17,7,1,0,0,1,0,0,1,0,0,hexagon,circle,,,,,,,,,,,,,,,,,,,,,,,,,,,,,,,,,,,,,,,,,,,,,,,,,,,,,,
293365,2022-10-04_18h30.24.318,vts_reward_expectancy,2022.2.4,MacIntel,59.99880002,Chrome,1440,813,,,l,0.6127,10,478,2,1,6,18,0,1,1,0,0,0,0,1,0,0,triangle,circle,,,,,,,,,,,,,,,,,,,,,,,,,,,,,,,,,,,,,,,,,,,,,,,,,,,,,,
293365,2022-10-04_18h30.24.318,vts_reward_expectancy,2022.2.4,MacIntel,59.99880002,Chrome,1440,813,,,a,0.9039,1,479,2,1,7,19,8,1,0,0,1,0,0,0,0,1,hexagon,star,,,,,,,,,,,,,,,,,,,,,,,,,,,,,,,,,,,,,,,,,,,,,,,,,,,,,,
293365,2022-10-04_18h30.24.318,vts_reward_expectancy,2022.2.4,MacIntel,59.99880002,Chrome,1440,813,,,l,0.5545,1,480,2,1,8,20,9,1,0,0,0,1,1,0,0,0,star,triangle,,,,,,,,,,,,,,,,,,,,,,,,,,,,,,,,,,,,,,,,,,,,,,,,,,,,,,
293365,2022-10-04_18h30.24.318,vts_reward_expectancy,2022.2.4,MacIntel,59.99880002,Chrome,1440,813,,,l,0.3504,10,490,2,1,9,21,5,1,0,1,0,0,0,0,0,1,circle,star,,,,,,,,,,,,,,,,,,,,,,,,,,,,,,,,,,,,,,,,,,,,,,,,,,,,,,
293365,2022-10-04_18h30.24.318,vts_reward_expectancy,2022.2.4,MacIntel,59.99880002,Chrome,1440,813,,,a,0.9702,10,500,2,1,10,22,4,1,0,1,0,0,0,0,1,0,circle,hexagon,,,,,,,,,,,,,,,,,,,,,,,,,,,,,,,,,,,,,,,,,,,,,,,,,,,,,,
293365,2022-10-04_18h30.24.318,vts_reward_expectancy,2022.2.4,MacIntel,59.99880002,Chrome,1440,813,,,a,1.7695,1,501,2,1,11,23,6,1,0,0,1,0,1,0,0,0,hexagon,triangle,,,,,,,,,,,,,,,,,,,,,,,,,,,,,,,,,,,,,,,,,,,,,,,,,,,,,,
293365,2022-10-04_18h30.24.318,vts_reward_expectancy,2022.2.4,MacIntel,59.99880002,Chrome,1440,813,,,l,1.2212,10,511,2,2,0,24,8,1,0,0,1,0,0,0,0,1,hexagon,star,,,,,,,,,,,,,,,,,,,,,,,,,,,,,,,,,,,,,,,,,,,,,,,,,,,,,,
293365,2022-10-04_18h30.24.318,vts_reward_expectancy,2022.2.4,MacIntel,59.99880002,Chrome,1440,813,,,l,1.2324,10,521,2,2,1,25,0,1,1,0,0,0,0,1,0,0,triangle,circle,,,,,,,,,,,,,,,,,,,,,,,,,,,,,,,,,,,,,,,,,,,,,,,,,,,,,,
293365,2022-10-04_18h30.24.318,vts_reward_expectancy,2022.2.4,MacIntel,59.99880002,Chrome,1440,813,,,l,0.7343,1,522,2,2,2,26,7,1,0,0,1,0,0,1,0,0,hexagon,circle,,,,,,,,,,,,,,,,,,,,,,,,,,,,,,,,,,,,,,,,,,,,,,,,,,,,,,
293365,2022-10-04_18h30.24.318,vts_reward_expectancy,2022.2.4,MacIntel,59.99880002,Chrome,1440,813,,,a,0.7645,1,523,2,2,3,27,5,1,0,1,0,0,0,0,0,1,circle,star,,,,,,,,,,,,,,,,,,,,,,,,,,,,,,,,,,,,,,,,,,,,,,,,,,,,,,
293365,2022-10-04_18h30.24.318,vts_reward_expectancy,2022.2.4,MacIntel,59.99880002,Chrome,1440,813,,,l,0.4006,1,524,2,2,4,28,3,1,0,1,0,0,1,0,0,0,circle,triangle,,,,,,,,,,,,,,,,,,,,,,,,,,,,,,,,,,,,,,,,,,,,,,,,,,,,,,
293365,2022-10-04_18h30.24.318,vts_reward_expectancy,2022.2.4,MacIntel,59.99880002,Chrome,1440,813,,,l,0.6554,1,525,2,2,5,29,6,1,0,0,1,0,1,0,0,0,hexagon,triangle,,,,,,,,,,,,,,,,,,,,,,,,,,,,,,,,,,,,,,,,,,,,,,,,,,,,,,
293365,2022-10-04_18h30.24.318,vts_reward_expectancy,2022.2.4,MacIntel,59.99880002,Chrome,1440,813,,,a,1.1899,1,526,2,2,6,30,1,1,1,0,0,0,0,0,1,0,triangle,hexagon,,,,,,,,,,,,,,,,,,,,,,,,,,,,,,,,,,,,,,,,,,,,,,,,,,,,,,
293365,2022-10-04_18h30.24.318,vts_reward_expectancy,2022.2.4,MacIntel,59.99880002,Chrome,1440,813,,,a,0.8072,1,527,2,2,7,31,10,1,0,0,0,1,0,1,0,0,star ,circle,,,,,,,,,,,,,,,,,,,,,,,,,,,,,,,,,,,,,,,,,,,,,,,,,,,,,,
293365,2022-10-04_18h30.24.318,vts_reward_expectancy,2022.2.4,MacIntel,59.99880002,Chrome,1440,813,,,l,1.0853,1,528,2,2,8,32,9,1,0,0,0,1,1,0,0,0,star,triangle,,,,,,,,,,,,,,,,,,,,,,,,,,,,,,,,,,,,,,,,,,,,,,,,,,,,,,
293365,2022-10-04_18h30.24.318,vts_reward_expectancy,2022.2.4,MacIntel,59.99880002,Chrome,1440,813,,,l,0.9647,10,538,2,2,9,33,4,1,0,1,0,0,0,0,1,0,circle,hexagon,,,,,,,,,,,,,,,,,,,,,,,,,,,,,,,,,,,,,,,,,,,,,,,,,,,,,,
293365,2022-10-04_18h30.24.318,vts_reward_expectancy,2022.2.4,MacIntel,59.99880002,Chrome,1440,813,,,a,1.1728,10,548,2,2,10,34,11,1,0,0,0,1,0,0,1,0,star,hexagon,,,,,,,,,,,,,,,,,,,,,,,,,,,,,,,,,,,,,,,,,,,,,,,,,,,,,,
293365,2022-10-04_18h30.24.318,vts_reward_expectancy,2022.2.4,MacIntel,59.99880002,Chrome,1440,813,,,a,1.3329,10,558,2,2,11,35,2,1,1,0,0,0,0,0,0,1,triangle,star,,,,,,,,,,,,,,,,,,,,,,,,,,,,,,,,,,,,,,,,,,,,,,,,,,,,,,
293365,2022-10-04_18h30.24.318,vts_reward_expectancy,2022.2.4,MacIntel,59.99880002,Chrome,1440,813,,,,,,,,,,,,,,,,,,,,,,,U,174,star,0,0,,0,0,0,0,0,1,,,,,,,,,,,,,,,,,,,,,,,,,,,,,,,,,,,,,,,,,,
293365,2022-10-04_18h30.24.318,vts_reward_expectancy,2022.2.4,MacIntel,59.99880002,Chrome,1440,813,,,,,,,,,,,,,,,,,,,,,,,B,167,hexagon,0,1,f,0,1,0,1,0,1,1.5141,,,,,,,,,,,,,,,,,,,,,,,,,,,,,,,,,,,,,,,,,
293365,2022-10-04_18h30.24.318,vts_reward_expectancy,2022.2.4,MacIntel,59.99880002,Chrome,1440,813,,,,,,,,,,,,,,,,,,,,,,,F,160,triangle,1,1,d,0,2,0,2,0,1,1.3149,,,,,,,,,,,,,,,,,,,,,,,,,,,,,,,,,,,,,,,,,
293365,2022-10-04_18h30.24.318,vts_reward_expectancy,2022.2.4,MacIntel,59.99880002,Chrome,1440,813,,,,,,,,,,,,,,,,,,,,,,,Y,132,circle,1,0,f,0,3,0,3,0,1,1.5658,,,,,,,,,,,,,,,,,,,,,,,,,,,,,,,,,,,,,,,,,
293365,2022-10-04_18h30.24.318,vts_reward_expectancy,2022.2.4,MacIntel,59.99880002,Chrome,1440,813,,,,,,,,,,,,,,,,,,,,,,,S,146,star,0,0,d,0,4,0,4,0,1,2.8469,,,,,,,,,,,,,,,,,,,,,,,,,,,,,,,,,,,,,,,,,
293365,2022-10-04_18h30.24.318,vts_reward_expectancy,2022.2.4,MacIntel,59.99880002,Chrome,1440,813,,,,,,,,,,,,,,,,,,,,,,,H,125,hexagon,0,1,f,0,5,0,5,0,1,1.4973,,,,,,,,,,,,,,,,,,,,,,,,,,,,,,,,,,,,,,,,,
293365,2022-10-04_18h30.24.318,vts_reward_expectancy,2022.2.4,MacIntel,59.99880002,Chrome,1440,813,,,,,,,,,,,,,,,,,,,,,,,W,139,triangle,0,1,d,0,6,0,6,0,1,1.985,,,,,,,,,,,,,,,,,,,,,,,,,,,,,,,,,,,,,,,,,
293365,2022-10-04_18h30.24.318,vts_reward_expectancy,2022.2.4,MacIntel,59.99880002,Chrome,1440,813,,,,,,,,,,,,,,,,,,,,,,,D,181,circle,1,1,d,0,7,0,7,0,1,0.8472,,,,,,,,,,,,,,,,,,,,,,,,,,,,,,,,,,,,,,,,,
293365,2022-10-04_18h30.24.318,vts_reward_expectancy,2022.2.4,MacIntel,59.99880002,Chrome,1440,813,,,,,,,,,,,,,,,,,,,,,,,U,174,circle,1,0,f,0,8,0,8,0,1,1.1652,,,,,,,,,,,,,,,,,,,,,,,,,,,,,,,,,,,,,,,,,
293365,2022-10-04_18h30.24.318,vts_reward_expectancy,2022.2.4,MacIntel,59.99880002,Chrome,1440,813,,,,,,,,,,,,,,,,,,,,,,,B,167,triangle,1,0,d,0,9,0,9,0,1,1.0338,,,,,,,,,,,,,,,,,,,,,,,,,,,,,,,,,,,,,,,,,
293365,2022-10-04_18h30.24.318,vts_reward_expectancy,2022.2.4,MacIntel,59.99880002,Chrome,1440,813,,,,,,,,,,,,,,,,,,,,,,,B,181,triangle,1,0,d,1,0,0,0,0,1,0.767,,,,,,,,,,,,,,,,,,,,,,,,,,,,,,,,,,,,,,,,,
293365,2022-10-04_18h30.24.318,vts_reward_expectancy,2022.2.4,MacIntel,59.99880002,Chrome,1440,813,,,,,,,,,,,,,,,,,,,,,,,Y,146,hexagon,1,0,f,1,1,0,1,0,1,0.898,,,,,,,,,,,,,,,,,,,,,,,,,,,,,,,,,,,,,,,,,
293365,2022-10-04_18h30.24.318,vts_reward_expectancy,2022.2.4,MacIntel,59.99880002,Chrome,1440,813,,,,,,,,,,,,,,,,,,,,,,,D,167,circle,1,0,d,1,2,0,2,0,1,0.7126,,,,,,,,,,,,,,,,,,,,,,,,,,,,,,,,,,,,,,,,,
293365,2022-10-04_18h30.24.318,vts_reward_expectancy,2022.2.4,MacIntel,59.99880002,Chrome,1440,813,,,,,,,,,,,,,,,,,,,,,,,U,125,star,1,0,f,1,3,0,3,0,1,0.8343,,,,,,,,,,,,,,,,,,,,,,,,,,,,,,,,,,,,,,,,,
293365,2022-10-04_18h30.24.318,vts_reward_expectancy,2022.2.4,MacIntel,59.99880002,Chrome,1440,813,,,,,,,,,,,,,,,,,,,,,,,F,139,triangle,1,0,d,1,4,0,4,0,1,0.8813,,,,,,,,,,,,,,,,,,,,,,,,,,,,,,,,,,,,,,,,,
293365,2022-10-04_18h30.24.318,vts_reward_expectancy,2022.2.4,MacIntel,59.99880002,Chrome,1440,813,,,,,,,,,,,,,,,,,,,,,,,W,160,hexagon,1,0,f,1,5,0,5,0,1,0.8453,,,,,,,,,,,,,,,,,,,,,,,,,,,,,,,,,,,,,,,,,
293365,2022-10-04_18h30.24.318,vts_reward_expectancy,2022.2.4,MacIntel,59.99880002,Chrome,1440,813,,,,,,,,,,,,,,,,,,,,,,,S,132,circle,1,0,f,1,6,0,6,0,1,0.8159,,,,,,,,,,,,,,,,,,,,,,,,,,,,,,,,,,,,,,,,,
293365,2022-10-04_18h30.24.318,vts_reward_expectancy,2022.2.4,MacIntel,59.99880002,Chrome,1440,813,,,,,,,,,,,,,,,,,,,,,,,H,174,star,1,0,d,1,7,0,7,0,1,1.0297,,,,,,,,,,,,,,,,,,,,,,,,,,,,,,,,,,,,,,,,,
293365,2022-10-04_18h30.24.318,vts_reward_expectancy,2022.2.4,MacIntel,59.99880002,Chrome,1440,813,,,,,,,,,,,,,,,,,,,,,,,B,181,hexagon,1,0,d,1,8,0,8,0,1,0.7652,,,,,,,,,,,,,,,,,,,,,,,,,,,,,,,,,,,,,,,,,
293365,2022-10-04_18h30.24.318,vts_reward_expectancy,2022.2.4,MacIntel,59.99880002,Chrome,1440,813,,,,,,,,,,,,,,,,,,,,,,,Y,146,circle,1,0,f,1,9,0,9,0,1,0.8089,,,,,,,,,,,,,,,,,,,,,,,,,,,,,,,,,,,,,,,,,
293365,2022-10-04_18h30.24.318,vts_reward_expectancy,2022.2.4,MacIntel,59.99880002,Chrome,1440,813,,,,,,,,,,,,,,,,,,,,,,,H,160,hexagon,0,0,,2,,,,,,,j,0.8644,0,0,0,0,1,,,,,,,,,,,,,,,,,,,,,,,,,,,,,,,,,,
293365,2022-10-04_18h30.24.318,vts_reward_expectancy,2022.2.4,MacIntel,59.99880002,Chrome,1440,813,,,,,,,,,,,,,,,,,,,,,,,F,139,circle,1,1,,2,,,,,,,j,1.194,1,0,1,0,1,,,,,,,,,,,,,,,,,,,,,,,,,,,,,,,,,,
293365,2022-10-04_18h30.24.318,vts_reward_expectancy,2022.2.4,MacIntel,59.99880002,Chrome,1440,813,,,,,,,,,,,,,,,,,,,,,,,B,174,triangle,1,0,,2,,,,,,,k,0.7532,2,0,2,0,1,,,,,,,,,,,,,,,,,,,,,,,,,,,,,,,,,,
293365,2022-10-04_18h30.24.318,vts_reward_expectancy,2022.2.4,MacIntel,59.99880002,Chrome,1440,813,,,,,,,,,,,,,,,,,,,,,,,S,132,star,1,0,,2,,,,,,,j,0.9035,3,0,3,0,1,,,,,,,,,,,,,,,,,,,,,,,,,,,,,,,,,,
293365,2022-10-04_18h30.24.318,vts_reward_expectancy,2022.2.4,MacIntel,59.99880002,Chrome,1440,813,,,,,,,,,,,,,,,,,,,,,,,W,167,hexagon,1,0,,2,,,,,,,k,0.7142,4,0,4,0,1,,,,,,,,,,,,,,,,,,,,,,,,,,,,,,,,,,
293365,2022-10-04_18h30.24.318,vts_reward_expectancy,2022.2.4,MacIntel,59.99880002,Chrome,1440,813,,,,,,,,,,,,,,,,,,,,,,,U,125,circle,1,0,,2,,,,,,,j,0.6137,5,0,5,0,1,,,,,,,,,,,,,,,,,,,,,,,,,,,,,,,,,,
293365,2022-10-04_18h30.24.318,vts_reward_expectancy,2022.2.4,MacIntel,59.99880002,Chrome,1440,813,,,,,,,,,,,,,,,,,,,,,,,Y,181,triangle,1,0,,2,,,,,,,k,0.7624,6,0,6,0,1,,,,,,,,,,,,,,,,,,,,,,,,,,,,,,,,,,
293365,2022-10-04_18h30.24.318,vts_reward_expectancy,2022.2.4,MacIntel,59.99880002,Chrome,1440,813,,,,,,,,,,,,,,,,,,,,,,,D,146,star,1,0,,2,,,,,,,j,1.6134,7,0,7,0,1,,,,,,,,,,,,,,,,,,,,,,,,,,,,,,,,,,
293365,2022-10-04_18h30.24.318,vts_reward_expectancy,2022.2.4,MacIntel,59.99880002,Chrome,1440,813,,,,,,,,,,,,,,,,,,,,,,,H,160,star,1,0,,2,,,,,,,k,0.963,8,0,8,0,1,,,,,,,,,,,,,,,,,,,,,,,,,,,,,,,,,,
293365,2022-10-04_18h30.24.318,vts_reward_expectancy,2022.2.4,MacIntel,59.99880002,Chrome,1440,813,,,,,,,,,,,,,,,,,,,,,,,F,139,circle,1,0,,2,,,,,,,j,1.1136,9,0,9,0,1,,,,,,,,,,,,,,,,,,,,,,,,,,,,,,,,,,
293365,2022-10-04_18h30.24.318,vts_reward_expectancy,2022.2.4,MacIntel,59.99880002,Chrome,1440,813,,,,,0,558,,,,,,,,,,,,,,,,,W,167,circle,0,0,,3,,,,,,,,,,,,,,-1,number,NA,j,0.8772,vtsPrac,0,0,0,0,1,,,,,,,,,,,,,,,,,,,,,,,
293365,2022-10-04_18h30.24.318,vts_reward_expectancy,2022.2.4,MacIntel,59.99880002,Chrome,1440,813,,,,,0,558,,,,,,,,,,,,,,,,,Y,146,star,1,1,,3,,,,,,,,,,,,,,repeat,number,numRpt,j,1.1947,vtsPrac,1,0,1,0,1,,,,,,,,,,,,,,,,,,,,,,,
293365,2022-10-04_18h30.24.318,vts_reward_expectancy,2022.2.4,MacIntel,59.99880002,Chrome,1440,813,,,,,0,558,,,,,,,,,,,,,,,,,S,125,circle,1,0,,3,,,,,,,,,,,,,,repeat,number,numRpt,j,0.9967,vtsPrac,2,0,2,0,1,,,,,,,,,,,,,,,,,,,,,,,
293365,2022-10-04_18h30.24.318,vts_reward_expectancy,2022.2.4,MacIntel,59.99880002,Chrome,1440,813,,,,,0,558,,,,,,,,,,,,,,,,,H,139,star,1,0,,3,,,,,,,,,,,,,,switch,letter,lettSwt,d,1.0121,vtsPrac,3,0,3,0,1,,,,,,,,,,,,,,,,,,,,,,,
293365,2022-10-04_18h30.24.318,vts_reward_expectancy,2022.2.4,MacIntel,59.99880002,Chrome,1440,813,,,,,0,558,,,,,,,,,,,,,,,,,W,167,triangle,1,0,,3,,,,,,,,,,,,,,switch,number,numSwt,k,0.6306,vtsPrac,4,0,4,0,1,,,,,,,,,,,,,,,,,,,,,,,
293365,2022-10-04_18h30.24.318,vts_reward_expectancy,2022.2.4,MacIntel,59.99880002,Chrome,1440,813,,,,,0,558,,,,,,,,,,,,,,,,,Y,146,star,1,0,,3,,,,,,,,,,,,,,repeat,number,numRpt,j,1.5764,vtsPrac,5,0,5,0,1,,,,,,,,,,,,,,,,,,,,,,,
293365,2022-10-04_18h30.24.318,vts_reward_expectancy,2022.2.4,MacIntel,59.99880002,Chrome,1440,813,,,,,0,558,,,,,,,,,,,,,,,,,S,125,circle,1,0,,3,,,,,,,,,,,,,,switch,letter,lettSwt,f,0.9006,vtsPrac,6,0,6,0,1,,,,,,,,,,,,,,,,,,,,,,,
293365,2022-10-04_18h30.24.318,vts_reward_expectancy,2022.2.4,MacIntel,59.99880002,Chrome,1440,813,,,,,0,558,,,,,,,,,,,,,,,,,H,139,triangle,1,0,,3,,,,,,,,,,,,,,repeat,letter,lettRpt,d,1.2282,vtsPrac,7,0,7,0,1,,,,,,,,,,,,,,,,,,,,,,,
293365,2022-10-04_18h30.24.318,vts_reward_expectancy,2022.2.4,MacIntel,59.99880002,Chrome,1440,813,,,,,0,558,,,,,,,,,,,,,,,,,B,132,hexagon,1,0,,3,,,,,,,,,,,,,,repeat,letter,lettRpt,d,1.266,vtsPrac,8,0,8,0,1,,,,,,,,,,,,,,,,,,,,,,,
293365,2022-10-04_18h30.24.318,vts_reward_expectancy,2022.2.4,MacIntel,59.99880002,Chrome,1440,813,,,,,0,558,,,,,,,,,,,,,,,,,F,125,triangle,1,0,,3,,,,,,,,,,,,,,switch,number,numSwt,j,1.1453,vtsPrac,9,0,9,0,1,,,,,,,,,,,,,,,,,,,,,,,
293365,2022-10-04_18h30.24.318,vts_reward_expectancy,2022.2.4,MacIntel,59.99880002,Chrome,1440,813,,,,,0,558,,,,,,,,,,,,,,,,,H,146,hexagon,1,0,,3,,,,,,,,,,,,,,repeat,number,numRpt,j,1.477,vtsPrac,10,0,10,0,1,,,,,,,,,,,,,,,,,,,,,,,
293365,2022-10-04_18h30.24.318,vts_reward_expectancy,2022.2.4,MacIntel,59.99880002,Chrome,1440,813,,,,,0,558,,,,,,,,,,,,,,,,,U,167,circle,1,0,,3,,,,,,,,,,,,,,repeat,number,numRpt,k,0.8693,vtsPrac,11,0,11,0,1,,,,,,,,,,,,,,,,,,,,,,,
293365,2022-10-04_18h30.24.318,vts_reward_expectancy,2022.2.4,MacIntel,59.99880002,Chrome,1440,813,,,,,0,558,,,,,,,,,,,,,,,,,S,167,triangle,1,0,,3,,,,,,,,,,,,,,switch,letter,lettSwt,f,0.7845,vtsPrac,12,0,12,0,1,,,,,,,,,,,,,,,,,,,,,,,
293365,2022-10-04_18h30.24.318,vts_reward_expectancy,2022.2.4,MacIntel,59.99880002,Chrome,1440,813,,,,,0,558,,,,,,,,,,,,,,,,,U,181,hexagon,1,0,,3,,,,,,,,,,,,,,switch,number,numSwt,k,0.8123,vtsPrac,13,0,13,0,1,,,,,,,,,,,,,,,,,,,,,,,
293365,2022-10-04_18h30.24.318,vts_reward_expectancy,2022.2.4,MacIntel,59.99880002,Chrome,1440,813,,,,,0,558,,,,,,,,,,,,,,,,,D,174,circle,1,0,,3,,,,,,,,,,,,,,repeat,number,numRpt,k,0.7475,vtsPrac,14,0,14,0,1,,,,,,,,,,,,,,,,,,,,,,,
293365,2022-10-04_18h30.24.318,vts_reward_expectancy,2022.2.4,MacIntel,59.99880002,Chrome,1440,813,,,,,0,558,,,,,,,,,,,,,,,,,H,146,triangle,1,0,,3,,,,,,,,,,,,,,switch,letter,lettSwt,d,0.7627,vtsPrac,15,0,15,0,1,,,,,,,,,,,,,,,,,,,,,,,
293365,2022-10-04_18h30.24.318,vts_reward_expectancy,2022.2.4,MacIntel,59.99880002,Chrome,1440,813,,,,,,,,,,,,,,,,,,,,,,,,,,,,,,,,,,,,,,,,,,,,,,,,,,,,,,,,,,,,,,,,,,,,,,,,,,,,
293365,2022-10-04_18h30.24.318,vts_reward_expectancy,2022.2.4,MacIntel,59.99880002,Chrome,1440,813,,,,,,,,,,,,,,,,,,,,,,,,,,,,,,,,,,,,,,,,,,,,,,,,,,,,,,,,,,,,,,,,,,,,,,,,,,,,
293365,2022-10-04_18h30.24.318,vts_reward_expectancy,2022.2.4,MacIntel,59.99880002,Chrome,1440,813,,,,,0,558,,,,,,,,,,,,,,,,,S,125,triangle,1,0,,,,,,,,,,,,,,,,repeat,letter,lettRpt,f,0.7475,noRew,,,,,,0,0,0,0,0,1,,,,,,,,,,,,,,,,,
293365,2022-10-04_18h30.24.318,vts_reward_expectancy,2022.2.4,MacIntel,59.99880002,Chrome,1440,813,,,,,0,558,,,,,,,,,,,,,,,,,Y,160,circle,1,0,,,,,,,,,,,,,,,,repeat,letter,lettRpt,f,0.7795,noRew,,,,,,0,1,0,1,0,1,,,,,,,,,,,,,,,,,
293365,2022-10-04_18h30.24.318,vts_reward_expectancy,2022.2.4,MacIntel,59.99880002,Chrome,1440,813,,,,,0,558,,,,,,,,,,,,,,,,,F,167,triangle,1,0,,,,,,,,,,,,,,,,repeat,letter,lettRpt,d,0.8355,noRew,,,,,,0,2,0,2,0,1,,,,,,,,,,,,,,,,,
293365,2022-10-04_18h30.24.318,vts_reward_expectancy,2022.2.4,MacIntel,59.99880002,Chrome,1440,813,,,,,0,558,,,,,,,,,,,,,,,,,B,139,circle,1,0,,,,,,,,,,,,,,,,switch,number,numSwt,j,1.2014,noRew,,,,,,0,3,0,3,0,1,,,,,,,,,,,,,,,,,
293365,2022-10-04_18h30.24.318,vts_reward_expectancy,2022.2.4,MacIntel,59.99880002,Chrome,1440,813,,,,,0,558,,,,,,,,,,,,,,,,,S,125,hexagon,1,0,,,,,,,,,,,,,,,,switch,letter,lettSwt,f,0.6946,noRew,,,,,,0,4,0,4,0,1,,,,,,,,,,,,,,,,,
293365,2022-10-04_18h30.24.318,vts_reward_expectancy,2022.2.4,MacIntel,59.99880002,Chrome,1440,813,,,,,0,558,,,,,,,,,,,,,,,,,Y,160,triangle,1,0,,,,,,,,,,,,,,,,switch,number,numSwt,k,0.6702,noRew,,,,,,0,5,0,5,0,1,,,,,,,,,,,,,,,,,
293365,2022-10-04_18h30.24.318,vts_reward_expectancy,2022.2.4,MacIntel,59.99880002,Chrome,1440,813,,,,,0,558,,,,,,,,,,,,,,,,,F,167,star,1,0,,,,,,,,,,,,,,,,repeat,number,numRpt,k,0.9451,noRew,,,,,,0,6,0,6,0,1,,,,,,,,,,,,,,,,,
293365,2022-10-04_18h30.24.318,vts_reward_expectancy,2022.2.4,MacIntel,59.99880002,Chrome,1440,813,,,,,0,558,,,,,,,,,,,,,,,,,B,139,circle,1,0,,,,,,,,,,,,,,,,switch,letter,lettSwt,d,1.267,noRew,,,,,,0,7,0,7,0,1,,,,,,,,,,,,,,,,,
293365,2022-10-04_18h30.24.318,vts_reward_expectancy,2022.2.4,MacIntel,59.99880002,Chrome,1440,813,,,,,0,558,,,,,,,,,,,,,,,,,F,146,triangle,1,0,,,,,,,,,,,,,,,,switch,number,numSwt,j,0.8297,noRew,,,,,,0,8,0,8,0,1,,,,,,,,,,,,,,,,,
293365,2022-10-04_18h30.24.318,vts_reward_expectancy,2022.2.4,MacIntel,59.99880002,Chrome,1440,813,,,,,0,558,,,,,,,,,,,,,,,,,D,125,circle,1,0,,,,,,,,,,,,,,,,repeat,number,numRpt,j,1.1631,noRew,,,,,,0,9,0,9,0,1,,,,,,,,,,,,,,,,,
293365,2022-10-04_18h30.24.318,vts_reward_expectancy,2022.2.4,MacIntel,59.99880002,Chrome,1440,813,,,,,0,558,,,,,,,,,,,,,,,,,S,160,hexagon,1,0,,,,,,,,,,,,,,,,repeat,number,numRpt,k,0.8791,noRew,,,,,,0,10,0,10,0,1,,,,,,,,,,,,,,,,,
293365,2022-10-04_18h30.24.318,vts_reward_expectancy,2022.2.4,MacIntel,59.99880002,Chrome,1440,813,,,,,0,558,,,,,,,,,,,,,,,,,H,181,star,1,0,,,,,,,,,,,,,,,,switch,letter,lettSwt,d,0.7944,noRew,,,,,,0,11,0,11,0,1,,,,,,,,,,,,,,,,,
293365,2022-10-04_18h30.24.318,vts_reward_expectancy,2022.2.4,MacIntel,59.99880002,Chrome,1440,813,,,,,0,558,,,,,,,,,,,,,,,,,Y,146,circle,1,0,,,,,,,,,,,,,,,,repeat,letter,lettRpt,f,1.028,noRew,,,,,,0,12,0,12,0,1,,,,,,,,,,,,,,,,,
293365,2022-10-04_18h30.24.318,vts_reward_expectancy,2022.2.4,MacIntel,59.99880002,Chrome,1440,813,,,,,0,558,,,,,,,,,,,,,,,,,H,160,triangle,1,0,,,,,,,,,,,,,,,,switch,number,numSwt,k,0.6473,noRew,,,,,,0,13,0,13,0,1,,,,,,,,,,,,,,,,,
293365,2022-10-04_18h30.24.318,vts_reward_expectancy,2022.2.4,MacIntel,59.99880002,Chrome,1440,813,,,,,0,558,,,,,,,,,,,,,,,,,F,132,hexagon,1,0,,,,,,,,,,,,,,,,switch,letter,lettSwt,d,0.8812,noRew,,,,,,0,14,0,14,0,1,,,,,,,,,,,,,,,,,
293365,2022-10-04_18h30.24.318,vts_reward_expectancy,2022.2.4,MacIntel,59.99880002,Chrome,1440,813,,,,,0,558,,,,,,,,,,,,,,,,,S,181,circle,1,0,,,,,,,,,,,,,,,,repeat,letter,lettRpt,f,0.8276,noRew,,,,,,0,15,0,15,0,1,,,,,,,,,,,,,,,,,
293365,2022-10-04_18h30.24.318,vts_reward_expectancy,2022.2.4,MacIntel,59.99880002,Chrome,1440,813,,,,,0,558,,,,,,,,,,,,,,,,,F,132,triangle,1,0,,,,,,,,,,,,,,,,switch,number,numSwt,j,0.8635,noRew,,,,,,0,16,0,16,0,1,,,,,,,,,,,,,,,,,
293365,2022-10-04_18h30.24.318,vts_reward_expectancy,2022.2.4,MacIntel,59.99880002,Chrome,1440,813,,,,,0,558,,,,,,,,,,,,,,,,,U,125,circle,1,0,,,,,,,,,,,,,,,,repeat,number,numRpt,j,0.8974,noRew,,,,,,0,17,0,17,0,1,,,,,,,,,,,,,,,,,
293365,2022-10-04_18h30.24.318,vts_reward_expectancy,2022.2.4,MacIntel,59.99880002,Chrome,1440,813,,,,,0,558,,,,,,,,,,,,,,,,,D,181,hexagon,1,0,,,,,,,,,,,,,,,,switch,letter,lettSwt,d,0.8112,noRew,,,,,,0,18,0,18,0,1,,,,,,,,,,,,,,,,,
293365,2022-10-04_18h30.24.318,vts_reward_expectancy,2022.2.4,MacIntel,59.99880002,Chrome,1440,813,,,,,0,558,,,,,,,,,,,,,,,,,S,167,triangle,1,0,,,,,,,,,,,,,,,,repeat,letter,lettRpt,f,1.5297,noRew,,,,,,0,19,0,19,0,1,,,,,,,,,,,,,,,,,
293365,2022-10-04_18h30.24.318,vts_reward_expectancy,2022.2.4,MacIntel,59.99880002,Chrome,1440,813,,,,,0,558,,,,,,,,,,,,,,,,,F,181,circle,1,0,,,,,,,,,,,,,,,,repeat,letter,lettRpt,d,0.8321,noRew,,,,,,0,20,0,20,0,1,,,,,,,,,,,,,,,,,
293365,2022-10-04_18h30.24.318,vts_reward_expectancy,2022.2.4,MacIntel,59.99880002,Chrome,1440,813,,,,,0,558,,,,,,,,,,,,,,,,,Y,160,star,1,0,,,,,,,,,,,,,,,,repeat,letter,lettRpt,f,0.9387,noRew,,,,,,0,21,0,21,0,1,,,,,,,,,,,,,,,,,
293365,2022-10-04_18h30.24.318,vts_reward_expectancy,2022.2.4,MacIntel,59.99880002,Chrome,1440,813,,,,,0,558,,,,,,,,,,,,,,,,,D,125,hexagon,1,0,,,,,,,,,,,,,,,,switch,number,numSwt,j,1.0459,noRew,,,,,,0,22,0,22,0,1,,,,,,,,,,,,,,,,,
293365,2022-10-04_18h30.24.318,vts_reward_expectancy,2022.2.4,MacIntel,59.99880002,Chrome,1440,813,,,,,0,558,,,,,,,,,,,,,,,,,S,146,triangle,1,0,,,,,,,,,,,,,,,,repeat,number,numRpt,j,0.8443,noRew,,,,,,0,23,0,23,0,1,,,,,,,,,,,,,,,,,
293365,2022-10-04_18h30.24.318,vts_reward_expectancy,2022.2.4,MacIntel,59.99880002,Chrome,1440,813,,,,,0,558,,,,,,,,,,,,,,,,,U,181,circle,1,0,,,,,,,,,,,,,,,,switch,letter,lettSwt,f,1.0826,noRew,,,,,,0,24,0,24,0,1,,,,,,,,,,,,,,,,,
293365,2022-10-04_18h30.24.318,vts_reward_expectancy,2022.2.4,MacIntel,59.99880002,Chrome,1440,813,,,,,0,558,,,,,,,,,,,,,,,,,H,132,triangle,1,0,,,,,,,,,,,,,,,,switch,number,numSwt,j,0.9608,noRew,,,,,,0,25,0,25,0,1,,,,,,,,,,,,,,,,,
293365,2022-10-04_18h30.24.318,vts_reward_expectancy,2022.2.4,MacIntel,59.99880002,Chrome,1440,813,,,,,0,558,,,,,,,,,,,,,,,,,S,139,triangle,1,0,,,,,,,,,,,,,,,,repeat,number,numRpt,j,1.1951,noRew,,,,,,0,26,0,26,0,1,,,,,,,,,,,,,,,,,
293365,2022-10-04_18h30.24.318,vts_reward_expectancy,2022.2.4,MacIntel,59.99880002,Chrome,1440,813,,,,,0,558,,,,,,,,,,,,,,,,,B,125,circle,1,0,,,,,,,,,,,,,,,,switch,letter,lettSwt,d,1.0644,noRew,,,,,,0,27,0,27,0,1,,,,,,,,,,,,,,,,,
293365,2022-10-04_18h30.24.318,vts_reward_expectancy,2022.2.4,MacIntel,59.99880002,Chrome,1440,813,,,,,0,558,,,,,,,,,,,,,,,,,S,167,hexagon,1,0,,,,,,,,,,,,,,,,repeat,letter,lettRpt,f,0.6803,noRew,,,,,,0,28,0,28,0,1,,,,,,,,,,,,,,,,,
293365,2022-10-04_18h30.24.318,vts_reward_expectancy,2022.2.4,MacIntel,59.99880002,Chrome,1440,813,,,,,0,558,,,,,,,,,,,,,,,,,W,139,circle,1,0,,,,,,,,,,,,,,,,repeat,letter,lettRpt,f,0.7833,noRew,,,,,,0,29,0,29,0,1,,,,,,,,,,,,,,,,,
293365,2022-10-04_18h30.24.318,vts_reward_expectancy,2022.2.4,MacIntel,59.99880002,Chrome,1440,813,,,,,0,558,,,,,,,,,,,,,,,,,F,146,circle,1,0,,,,,,,,,,,,,,,,repeat,letter,lettRpt,d,1.1653,noRew,,,,,,0,30,0,30,0,1,,,,,,,,,,,,,,,,,
293365,2022-10-04_18h30.24.318,vts_reward_expectancy,2022.2.4,MacIntel,59.99880002,Chrome,1440,813,,,,,0,558,,,,,,,,,,,,,,,,,Y,174,hexagon,1,0,,,,,,,,,,,,,,,,repeat,letter,lettRpt,f,0.6966,noRew,,,,,,0,31,0,31,0,1,,,,,,,,,,,,,,,,,
293365,2022-10-04_18h30.24.318,vts_reward_expectancy,2022.2.4,MacIntel,59.99880002,Chrome,1440,813,,,,,0,558,,,,,,,,,,,,,,,,,F,139,circle,1,0,,,,,,,,,,,,,,,,switch,number,numSwt,j,1.0043,noRew,,,,,,0,32,0,32,0,1,,,,,,,,,,,,,,,,,
293365,2022-10-04_18h30.24.318,vts_reward_expectancy,2022.2.4,MacIntel,59.99880002,Chrome,1440,813,,,,,0,558,,,,,,,,,,,,,,,,,U,125,star,1,0,,,,,,,,,,,,,,,,repeat,number,numRpt,j,0.8959,noRew,,,,,,0,33,0,33,0,1,,,,,,,,,,,,,,,,,
293365,2022-10-04_18h30.24.318,vts_reward_expectancy,2022.2.4,MacIntel,59.99880002,Chrome,1440,813,,,,,0,558,,,,,,,,,,,,,,,,,H,167,circle,1,0,,,,,,,,,,,,,,,,switch,letter,lettSwt,d,0.6978,noRew,,,,,,0,34,0,34,0,1,,,,,,,,,,,,,,,,,
293365,2022-10-04_18h30.24.318,vts_reward_expectancy,2022.2.4,MacIntel,59.99880002,Chrome,1440,813,,,,,0,558,,,,,,,,,,,,,,,,,Y,132,hexagon,1,0,,,,,,,,,,,,,,,,switch,number,numSwt,j,0.6527,noRew,,,,,,0,35,0,35,0,1,,,,,,,,,,,,,,,,,
293365,2022-10-04_18h30.24.318,vts_reward_expectancy,2022.2.4,MacIntel,59.99880002,Chrome,1440,813,,,,,0,558,,,,,,,,,,,,,,,,,F,181,hexagon,1,0,,,,,,,,,,,,,,,,repeat,number,numRpt,k,0.7971,noRew,,,,,,0,36,0,36,0,1,,,,,,,,,,,,,,,,,
293365,2022-10-04_18h30.24.318,vts_reward_expectancy,2022.2.4,MacIntel,59.99880002,Chrome,1440,813,,,,,0,558,,,,,,,,,,,,,,,,,B,160,star,1,0,,,,,,,,,,,,,,,,repeat,number,numRpt,k,0.6976,noRew,,,,,,0,37,0,37,0,1,,,,,,,,,,,,,,,,,
293365,2022-10-04_18h30.24.318,vts_reward_expectancy,2022.2.4,MacIntel,59.99880002,Chrome,1440,813,,,,,0,558,,,,,,,,,,,,,,,,,D,125,hexagon,1,0,,,,,,,,,,,,,,,,repeat,number,numRpt,j,0.6982,noRew,,,,,,0,38,0,38,0,1,,,,,,,,,,,,,,,,,
293365,2022-10-04_18h30.24.318,vts_reward_expectancy,2022.2.4,MacIntel,59.99880002,Chrome,1440,813,,,,,0,558,,,,,,,,,,,,,,,,,S,146,star,1,0,,,,,,,,,,,,,,,,repeat,number,numRpt,j,0.8773,noRew,,,,,,0,39,0,39,0,1,,,,,,,,,,,,,,,,,
293365,2022-10-04_18h30.24.318,vts_reward_expectancy,2022.2.4,MacIntel,59.99880002,Chrome,1440,813,,,,,0,558,,,,,,,,,,,,,,,,,W,181,hexagon,1,0,,,,,,,,,,,,,,,,switch,letter,lettSwt,f,0.7975,noRew,,,,,,0,40,0,40,0,1,,,,,,,,,,,,,,,,,
293365,2022-10-04_18h30.24.318,vts_reward_expectancy,2022.2.4,MacIntel,59.99880002,Chrome,1440,813,,,,,0,558,,,,,,,,,,,,,,,,,H,125,star,1,0,,,,,,,,,,,,,,,,repeat,letter,lettRpt,d,0.9715,noRew,,,,,,0,41,0,41,0,1,,,,,,,,,,,,,,,,,
293365,2022-10-04_18h30.24.318,vts_reward_expectancy,2022.2.4,MacIntel,59.99880002,Chrome,1440,813,,,,,0,558,,,,,,,,,,,,,,,,,B,167,star,1,0,,,,,,,,,,,,,,,,switch,number,numSwt,k,1.3168,noRew,,,,,,0,42,0,42,0,1,,,,,,,,,,,,,,,,,
293365,2022-10-04_18h30.24.318,vts_reward_expectancy,2022.2.4,MacIntel,59.99880002,Chrome,1440,813,,,,,0,558,,,,,,,,,,,,,,,,,F,174,triangle,1,0,,,,,,,,,,,,,,,,switch,letter,lettSwt,d,0.8136,noRew,,,,,,0,43,0,43,0,1,,,,,,,,,,,,,,,,,
293365,2022-10-04_18h30.24.318,vts_reward_expectancy,2022.2.4,MacIntel,59.99880002,Chrome,1440,813,,,,,0,558,,,,,,,,,,,,,,,,,H,181,hexagon,1,0,,,,,,,,,,,,,,,,repeat,letter,lettRpt,d,0.9498,noRew,,,,,,0,44,0,44,0,1,,,,,,,,,,,,,,,,,
293365,2022-10-04_18h30.24.318,vts_reward_expectancy,2022.2.4,MacIntel,59.99880002,Chrome,1440,813,,,,,0,558,,,,,,,,,,,,,,,,,W,160,circle,1,0,,,,,,,,,,,,,,,,switch,number,numSwt,k,0.696,noRew,,,,,,0,45,0,45,0,1,,,,,,,,,,,,,,,,,
293365,2022-10-04_18h30.24.318,vts_reward_expectancy,2022.2.4,MacIntel,59.99880002,Chrome,1440,813,,,,,0,558,,,,,,,,,,,,,,,,,D,139,triangle,1,0,,,,,,,,,,,,,,,,repeat,number,numRpt,j,0.9959,noRew,,,,,,0,46,0,46,0,1,,,,,,,,,,,,,,,,,
293365,2022-10-04_18h30.24.318,vts_reward_expectancy,2022.2.4,MacIntel,59.99880002,Chrome,1440,813,,,,,0,558,,,,,,,,,,,,,,,,,U,146,circle,1,0,,,,,,,,,,,,,,,,repeat,number,numRpt,j,0.8159,noRew,,,,,,0,47,0,47,0,1,,,,,,,,,,,,,,,,,
293365,2022-10-04_18h30.24.318,vts_reward_expectancy,2022.2.4,MacIntel,59.99880002,Chrome,1440,813,,,,,0,558,,,,,,,,,,,,,,,,,Y,125,triangle,1,0,,,,,,,,,,,,,,,,repeat,number,numRpt,j,0.9664,noRew,,,,,,0,48,0,48,0,1,,,,,,,,,,,,,,,,,
293365,2022-10-04_18h30.24.318,vts_reward_expectancy,2022.2.4,MacIntel,59.99880002,Chrome,1440,813,,,,,0,558,,,,,,,,,,,,,,,,,D,132,circle,1,0,,,,,,,,,,,,,,,,switch,letter,lettSwt,d,0.847,noRew,,,,,,0,49,0,49,0,1,,,,,,,,,,,,,,,,,
293365,2022-10-04_18h30.24.318,vts_reward_expectancy,2022.2.4,MacIntel,59.99880002,Chrome,1440,813,,,,,0,558,,,,,,,,,,,,,,,,,H,160,triangle,1,0,,,,,,,,,,,,,,,,switch,number,numSwt,k,0.8793,noRew,,,,,,0,50,0,50,0,1,,,,,,,,,,,,,,,,,
293365,2022-10-04_18h30.24.318,vts_reward_expectancy,2022.2.4,MacIntel,59.99880002,Chrome,1440,813,,,,,0,558,,,,,,,,,,,,,,,,,U,139,star,1,0,,,,,,,,,,,,,,,,switch,letter,lettSwt,f,0.7796,noRew,,,,,,0,51,0,51,0,1,,,,,,,,,,,,,,,,,
293365,2022-10-04_18h30.24.318,vts_reward_expectancy,2022.2.4,MacIntel,59.99880002,Chrome,1440,813,,,,,0,558,,,,,,,,,,,,,,,,,H,181,hexagon,1,0,,,,,,,,,,,,,,,,repeat,letter,lettRpt,d,0.9636,noRew,,,,,,0,52,0,52,0,1,,,,,,,,,,,,,,,,,
293365,2022-10-04_18h30.24.318,vts_reward_expectancy,2022.2.4,MacIntel,59.99880002,Chrome,1440,813,,,,,0,558,,,,,,,,,,,,,,,,,U,174,triangle,1,0,,,,,,,,,,,,,,,,repeat,letter,lettRpt,f,0.8467,noRew,,,,,,0,53,0,53,0,1,,,,,,,,,,,,,,,,,
293365,2022-10-04_18h30.24.318,vts_reward_expectancy,2022.2.4,MacIntel,59.99880002,Chrome,1440,813,,,,,0,558,,,,,,,,,,,,,,,,,F,139,triangle,1,0,,,,,,,,,,,,,,,,switch,number,numSwt,j,1.1446,noRew,,,,,,0,54,0,54,0,1,,,,,,,,,,,,,,,,,
293365,2022-10-04_18h30.24.318,vts_reward_expectancy,2022.2.4,MacIntel,59.99880002,Chrome,1440,813,,,,,0,558,,,,,,,,,,,,,,,,,D,167,star,1,0,,,,,,,,,,,,,,,,switch,letter,lettSwt,d,1.5293,noRew,,,,,,0,55,0,55,0,1,,,,,,,,,,,,,,,,,
293365,2022-10-04_18h30.24.318,vts_reward_expectancy,2022.2.4,MacIntel,59.99880002,Chrome,1440,813,,,,,0,558,,,,,,,,,,,,,,,,,W,125,triangle,1,0,,,,,,,,,,,,,,,,switch,number,numSwt,j,0.7923,noRew,,,,,,0,56,0,56,0,1,,,,,,,,,,,,,,,,,
293365,2022-10-04_18h30.24.318,vts_reward_expectancy,2022.2.4,MacIntel,59.99880002,Chrome,1440,813,,,,,0,558,,,,,,,,,,,,,,,,,D,167,star,1,0,,,,,,,,,,,,,,,,repeat,number,numRpt,k,0.7959,noRew,,,,,,0,57,0,57,0,1,,,,,,,,,,,,,,,,,
293365,2022-10-04_18h30.24.318,vts_reward_expectancy,2022.2.4,MacIntel,59.99880002,Chrome,1440,813,,,,,0,558,,,,,,,,,,,,,,,,,H,160,star,1,0,,,,,,,,,,,,,,,,repeat,number,numRpt,k,0.8181,noRew,,,,,,0,58,0,58,0,1,,,,,,,,,,,,,,,,,
293365,2022-10-04_18h30.24.318,vts_reward_expectancy,2022.2.4,MacIntel,59.99880002,Chrome,1440,813,,,,,0,558,,,,,,,,,,,,,,,,,S,181,triangle,1,0,,,,,,,,,,,,,,,,switch,letter,lettSwt,f,0.7042,noRew,,,,,,0,59,0,59,0,1,,,,,,,,,,,,,,,,,
293365,2022-10-04_18h30.24.318,vts_reward_expectancy,2022.2.4,MacIntel,59.99880002,Chrome,1440,813,,,,,0,558,,,,,,,,,,,,,,,,,H,174,triangle,1,0,,,,,,,,,,,,,,,,switch,number,numSwt,k,0.8634,noRew,,,,,,0,60,0,60,0,1,,,,,,,,,,,,,,,,,
293365,2022-10-04_18h30.24.318,vts_reward_expectancy,2022.2.4,MacIntel,59.99880002,Chrome,1440,813,,,,,0,558,,,,,,,,,,,,,,,,,Y,160,star,1,0,,,,,,,,,,,,,,,,repeat,number,numRpt,k,0.8929,noRew,,,,,,0,61,0,61,0,1,,,,,,,,,,,,,,,,,
293365,2022-10-04_18h30.24.318,vts_reward_expectancy,2022.2.4,MacIntel,59.99880002,Chrome,1440,813,,,,,0,558,,,,,,,,,,,,,,,,,F,167,circle,1,0,,,,,,,,,,,,,,,,switch,letter,lettSwt,d,1.7203,noRew,,,,,,0,62,0,62,0,1,,,,,,,,,,,,,,,,,
293365,2022-10-04_18h30.24.318,vts_reward_expectancy,2022.2.4,MacIntel,59.99880002,Chrome,1440,813,,,,,0,558,,,,,,,,,,,,,,,,,D,125,star,1,0,,,,,,,,,,,,,,,,switch,number,numSwt,j,0.6133,noRew,,,,,,0,63,0,63,0,1,,,,,,,,,,,,,,,,,
293365,2022-10-04_18h30.24.318,vts_reward_expectancy,2022.2.4,MacIntel,59.99880002,Chrome,1440,813,,,,,,,,,,,,,,,,,,,,,,,,,,,,,,,,,,,,,,,,,,,,,,,,,,,,,,,,,,,,,,,,,,,,,,,,,,,,
293365,2022-10-04_18h30.24.318,vts_reward_expectancy,2022.2.4,MacIntel,59.99880002,Chrome,1440,813,,,,,1,559,,,,,,,,,,,,,,,,,F,132,hexagon,1,0,,,,,,,,,,,,,,,,switch,letter,lettSwt,d,0.8636,Lo,,,,,,0,,,,,,space,8.115,high,0,0,0,0,1,,,,,,,,,
293365,2022-10-04_18h30.24.318,vts_reward_expectancy,2022.2.4,MacIntel,59.99880002,Chrome,1440,813,,,,,0,559,,,,,,,,,,,,,,,,,H,146,star,0,0,,,,,,,,,,,,,,,,switch,number,NA,k,0.5952,Lo,,,,,,0,,,,,,,,high,1,0,1,0,1,,,,,,,,,
293365,2022-10-04_18h30.24.318,vts_reward_expectancy,2022.2.4,MacIntel,59.99880002,Chrome,1440,813,,,,,1,560,,,,,,,,,,,,,,,,,U,167,hexagon,1,1,,,,,,,,,,,,,,,,repeat,number,numRpt,k,1.0189,Lo,,,,,,0,,,,,,,,high,2,0,2,0,1,,,,,,,,,
293365,2022-10-04_18h30.24.318,vts_reward_expectancy,2022.2.4,MacIntel,59.99880002,Chrome,1440,813,,,,,0,560,,,,,,,,,,,,,,,,,W,174,star,0,0,,,,,,,,,,,,,,,,switch,letter,NA,d,0.5642,Lo,,,,,,0,,,,,,,,high,3,0,3,0,1,,,,,,,,,
293365,2022-10-04_18h30.24.318,vts_reward_expectancy,2022.2.4,MacIntel,59.99880002,Chrome,1440,813,,,,,0,560,,,,,,,,,,,,,,,,,B,160,star,1,1,,,,,,,,,,,,,,,,repeat,letter,lettRpt,d,1.1644,Hi,,,,,,0,,,,,,,,high,4,0,4,0,1,,,,,,,,,
293365,2022-10-04_18h30.24.318,vts_reward_expectancy,2022.2.4,MacIntel,59.99880002,Chrome,1440,813,,,,,1,561,,,,,,,,,,,,,,,,,S,125,hexagon,1,0,,,,,,,,,,,,,,,,repeat,letter,lettRpt,f,0.761,Lo,,,,,,0,,,,,,,,high,5,0,5,0,1,,,,,,,,,
293365,2022-10-04_18h30.24.318,vts_reward_expectancy,2022.2.4,MacIntel,59.99880002,Chrome,1440,813,,,,,1,562,,,,,,,,,,,,,,,,,D,181,hexagon,1,0,,,,,,,,,,,,,,,,switch,number,numSwt,k,0.7137,Lo,,,,,,0,,,,,,,,high,6,0,6,0,1,,,,,,,,,
293365,2022-10-04_18h30.24.318,vts_reward_expectancy,2022.2.4,MacIntel,59.99880002,Chrome,1440,813,,,,,0,562,,,,,,,,,,,,,,,,,Y,139,star,1,0,,,,,,,,,,,,,,,,switch,letter,lettSwt,f,0.9323,Hi,,,,,,0,,,,,,,,high,7,0,7,0,1,,,,,,,,,
293365,2022-10-04_18h30.24.318,vts_reward_expectancy,2022.2.4,MacIntel,59.99880002,Chrome,1440,813,,,,,0,562,,,,,,,,,,,,,,,,,F,132,star,1,0,,,,,,,,,,,,,,,,switch,number,numSwt,j,0.8328,Hi,,,,,,0,,,,,,,,high,8,0,8,0,1,,,,,,,,,
293365,2022-10-04_18h30.24.318,vts_reward_expectancy,2022.2.4,MacIntel,59.99880002,Chrome,1440,813,,,,,1,563,,,,,,,,,,,,,,,,,H,146,hexagon,1,0,,,,,,,,,,,,,,,,repeat,number,numRpt,j,0.699,Lo,,,,,,0,,,,,,,,high,9,0,9,0,1,,,,,,,,,
293365,2022-10-04_18h30.24.318,vts_reward_expectancy,2022.2.4,MacIntel,59.99880002,Chrome,1440,813,,,,,10,573,,,,,,,,,,,,,,,,,U,167,star,1,0,,,,,,,,,,,,,,,,repeat,number,numRpt,k,0.6147,Hi,,,,,,0,,,,,,,,high,10,0,10,0,1,,,,,,,,,
293365,2022-10-04_18h30.24.318,vts_reward_expectancy,2022.2.4,MacIntel,59.99880002,Chrome,1440,813,,,,,0,573,,,,,,,,,,,,,,,,,W,174,hexagon,0,0,,,,,,,,,,,,,,,,switch,letter,NA,d,0.6149,Hi,,,,,,0,,,,,,,,high,11,0,11,0,1,,,,,,,,,
293365,2022-10-04_18h30.24.318,vts_reward_expectancy,2022.2.4,MacIntel,59.99880002,Chrome,1440,813,,,,,1,574,,,,,,,,,,,,,,,,,B,160,hexagon,1,1,,,,,,,,,,,,,,,,repeat,letter,lettRpt,d,0.9273,Lo,,,,,,0,,,,,,,,high,12,0,12,0,1,,,,,,,,,
293365,2022-10-04_18h30.24.318,vts_reward_expectancy,2022.2.4,MacIntel,59.99880002,Chrome,1440,813,,,,,1,575,,,,,,,,,,,,,,,,,S,125,star,1,0,,,,,,,,,,,,,,,,switch,number,numSwt,j,0.6206,Hi,,,,,,0,,,,,,,,high,13,0,13,0,1,,,,,,,,,
293365,2022-10-04_18h30.24.318,vts_reward_expectancy,2022.2.4,MacIntel,59.99880002,Chrome,1440,813,,,,,1,576,,,,,,,,,,,,,,,,,D,181,hexagon,1,0,,,,,,,,,,,,,,,,repeat,number,numRpt,k,0.9111,Lo,,,,,,0,,,,,,,,high,14,0,14,0,1,,,,,,,,,
293365,2022-10-04_18h30.24.318,vts_reward_expectancy,2022.2.4,MacIntel,59.99880002,Chrome,1440,813,,,,,1,577,,,,,,,,,,,,,,,,,Y,139,star,1,0,,,,,,,,,,,,,,,,switch,letter,lettSwt,f,0.6665,Hi,,,,,,0,,,,,,,,high,15,0,15,0,1,,,,,,,,,
293365,2022-10-04_18h30.24.318,vts_reward_expectancy,2022.2.4,MacIntel,59.99880002,Chrome,1440,813,,,,,0,577,,,,,,,,,,,,,,,,,Y,132,hexagon,0,0,,,,,,,,,,,,,,,,switch,number,NA,k,0.6719,Hi,,,,,,0,,,,,,,,high,16,0,16,0,1,,,,,,,,,
293365,2022-10-04_18h30.24.318,vts_reward_expectancy,2022.2.4,MacIntel,59.99880002,Chrome,1440,813,,,,,10,587,,,,,,,,,,,,,,,,,S,167,star,1,1,,,,,,,,,,,,,,,,switch,letter,lettSwt,f,0.7415,Hi,,,,,,0,,,,,,,,high,17,0,17,0,1,,,,,,,,,
293365,2022-10-04_18h30.24.318,vts_reward_expectancy,2022.2.4,MacIntel,59.99880002,Chrome,1440,813,,,,,10,597,,,,,,,,,,,,,,,,,H,125,hexagon,1,0,,,,,,,,,,,,,,,,switch,number,numSwt,j,0.5962,Lo,,,,,,0,,,,,,,,high,18,0,18,0,1,,,,,,,,,
293365,2022-10-04_18h30.24.318,vts_reward_expectancy,2022.2.4,MacIntel,59.99880002,Chrome,1440,813,,,,,0,597,,,,,,,,,,,,,,,,,B,160,star,1,0,,,,,,,,,,,,,,,,switch,letter,lettSwt,d,0.8488,Hi,,,,,,0,,,,,,,,high,19,0,19,0,1,,,,,,,,,
293365,2022-10-04_18h30.24.318,vts_reward_expectancy,2022.2.4,MacIntel,59.99880002,Chrome,1440,813,,,,,1,598,,,,,,,,,,,,,,,,,F,181,star,1,0,,,,,,,,,,,,,,,,repeat,letter,lettRpt,d,0.6116,Hi,,,,,,0,,,,,,,,high,20,0,20,0,1,,,,,,,,,
293365,2022-10-04_18h30.24.318,vts_reward_expectancy,2022.2.4,MacIntel,59.99880002,Chrome,1440,813,,,,,0,598,,,,,,,,,,,,,,,,,W,146,hexagon,0,0,,,,,,,,,,,,,,,,repeat,letter,NA,d,0.8635,Hi,,,,,,0,,,,,,,,high,21,0,21,0,1,,,,,,,,,
293365,2022-10-04_18h30.24.318,vts_reward_expectancy,2022.2.4,MacIntel,59.99880002,Chrome,1440,813,,,,,10,608,,,,,,,,,,,,,,,,,U,139,star,1,1,,,,,,,,,,,,,,,,switch,number,numSwt,j,0.6156,Hi,,,,,,0,,,,,,,,high,22,0,22,0,1,,,,,,,,,
293365,2022-10-04_18h30.24.318,vts_reward_expectancy,2022.2.4,MacIntel,59.99880002,Chrome,1440,813,,,,,1,609,,,,,,,,,,,,,,,,,D,174,hexagon,1,0,,,,,,,,,,,,,,,,repeat,number,numRpt,k,0.5648,Lo,,,,,,0,,,,,,,,high,23,0,23,0,1,,,,,,,,,
293365,2022-10-04_18h30.24.318,vts_reward_expectancy,2022.2.4,MacIntel,59.99880002,Chrome,1440,813,,,,,0,609,,,,,,,,,,,,,,,,,D,160,star,0,0,,,,,,,,,,,,,,,,switch,letter,NA,f,0.9833,Lo,,,,,,0,,,,,,,,high,24,0,24,0,1,,,,,,,,,
293365,2022-10-04_18h30.24.318,vts_reward_expectancy,2022.2.4,MacIntel,59.99880002,Chrome,1440,813,,,,,10,619,,,,,,,,,,,,,,,,,Y,167,hexagon,1,1,,,,,,,,,,,,,,,,repeat,letter,lettRpt,f,0.8974,Lo,,,,,,0,,,,,,,,high,25,0,25,0,1,,,,,,,,,
293365,2022-10-04_18h30.24.318,vts_reward_expectancy,2022.2.4,MacIntel,59.99880002,Chrome,1440,813,,,,,1,620,,,,,,,,,,,,,,,,,W,125,hexagon,1,0,,,,,,,,,,,,,,,,repeat,letter,lettRpt,f,1.033,Lo,,,,,,0,,,,,,,,high,26,0,26,0,1,,,,,,,,,
293365,2022-10-04_18h30.24.318,vts_reward_expectancy,2022.2.4,MacIntel,59.99880002,Chrome,1440,813,,,,,10,630,,,,,,,,,,,,,,,,,H,174,star,1,0,,,,,,,,,,,,,,,,switch,number,numSwt,k,0.7513,Hi,,,,,,0,,,,,,,,high,27,0,27,0,1,,,,,,,,,
293365,2022-10-04_18h30.24.318,vts_reward_expectancy,2022.2.4,MacIntel,59.99880002,Chrome,1440,813,,,,,10,640,,,,,,,,,,,,,,,,,U,139,star,1,0,,,,,,,,,,,,,,,,switch,letter,lettSwt,f,0.682,Hi,,,,,,0,,,,,,,,high,28,0,28,0,1,,,,,,,,,
293365,2022-10-04_18h30.24.318,vts_reward_expectancy,2022.2.4,MacIntel,59.99880002,Chrome,1440,813,,,,,1,641,,,,,,,,,,,,,,,,,S,146,hexagon,1,0,,,,,,,,,,,,,,,,switch,number,numSwt,j,1.7308,Lo,,,,,,0,,,,,,,,high,29,0,29,0,1,,,,,,,,,
293365,2022-10-04_18h30.24.318,vts_reward_expectancy,2022.2.4,MacIntel,59.99880002,Chrome,1440,813,,,,,1,642,,,,,,,,,,,,,,,,,F,181,hexagon,1,0,,,,,,,,,,,,,,,,switch,letter,lettSwt,d,0.995,Lo,,,,,,0,,,,,,,,high,30,0,30,0,1,,,,,,,,,
293365,2022-10-04_18h30.24.318,vts_reward_expectancy,2022.2.4,MacIntel,59.99880002,Chrome,1440,813,,,,,10,652,,,,,,,,,,,,,,,,,B,132,star,1,0,,,,,,,,,,,,,,,,repeat,letter,lettRpt,d,0.498,Hi,,,,,,0,,,,,,,,high,31,0,31,0,1,,,,,,,,,
293365,2022-10-04_18h30.24.318,vts_reward_expectancy,2022.2.4,MacIntel,59.99880002,Chrome,1440,813,,,,,10,662,,,,,,,,,,,,,,,,,S,125,star,1,0,,,,,,,,,,,,,,,,repeat,letter,lettRpt,f,0.6155,Hi,,,,,,1,,,,,,space,4.5727,high,0,0,0,0,1,,,,,,,,,
293365,2022-10-04_18h30.24.318,vts_reward_expectancy,2022.2.4,MacIntel,59.99880002,Chrome,1440,813,,,,,1,663,,,,,,,,,,,,,,,,,B,146,hexagon,1,0,,,,,,,,,,,,,,,,repeat,letter,lettRpt,d,0.6004,Lo,,,,,,1,,,,,,,,high,1,0,1,0,1,,,,,,,,,
293365,2022-10-04_18h30.24.318,vts_reward_expectancy,2022.2.4,MacIntel,59.99880002,Chrome,1440,813,,,,,1,664,,,,,,,,,,,,,,,,,F,167,star,1,0,,,,,,,,,,,,,,,,repeat,letter,lettRpt,d,0.7512,Hi,,,,,,1,,,,,,,,high,2,0,2,0,1,,,,,,,,,
293365,2022-10-04_18h30.24.318,vts_reward_expectancy,2022.2.4,MacIntel,59.99880002,Chrome,1440,813,,,,,10,674,,,,,,,,,,,,,,,,,D,160,hexagon,1,0,,,,,,,,,,,,,,,,repeat,letter,lettRpt,d,0.7464,Lo,,,,,,1,,,,,,,,high,3,0,3,0,1,,,,,,,,,
293365,2022-10-04_18h30.24.318,vts_reward_expectancy,2022.2.4,MacIntel,59.99880002,Chrome,1440,813,,,,,1,675,,,,,,,,,,,,,,,,,W,181,hexagon,1,0,,,,,,,,,,,,,,,,repeat,letter,lettRpt,f,0.7012,Lo,,,,,,1,,,,,,,,high,4,0,4,0,1,,,,,,,,,
293365,2022-10-04_18h30.24.318,vts_reward_expectancy,2022.2.4,MacIntel,59.99880002,Chrome,1440,813,,,,,0,675,,,,,,,,,,,,,,,,,H,139,star,0,0,,,,,,,,,,,,,,,,switch,number,NA,k,0.7657,Lo,,,,,,1,,,,,,,,high,5,0,5,0,1,,,,,,,,,
293365,2022-10-04_18h30.24.318,vts_reward_expectancy,2022.2.4,MacIntel,59.99880002,Chrome,1440,813,,,,,0,675,,,,,,,,,,,,,,,,,U,132,star,1,1,,,,,,,,,,,,,,,,repeat,number,numRpt,j,0.7968,Hi,,,,,,1,,,,,,,,high,6,0,6,0,1,,,,,,,,,
293365,2022-10-04_18h30.24.318,vts_reward_expectancy,2022.2.4,MacIntel,59.99880002,Chrome,1440,813,,,,,1,676,,,,,,,,,,,,,,,,,Y,174,hexagon,1,0,,,,,,,,,,,,,,,,repeat,number,numRpt,k,1.0462,Lo,,,,,,1,,,,,,,,high,7,0,7,0,1,,,,,,,,,
293365,2022-10-04_18h30.24.318,vts_reward_expectancy,2022.2.4,MacIntel,59.99880002,Chrome,1440,813,,,,,0,676,,,,,,,,,,,,,,,,,S,125,hexagon,0,0,,,,,,,,,,,,,,,,switch,letter,NA,d,0.9965,Lo,,,,,,1,,,,,,,,high,8,0,8,0,1,,,,,,,,,
293365,2022-10-04_18h30.24.318,vts_reward_expectancy,2022.2.4,MacIntel,59.99880002,Chrome,1440,813,,,,,10,686,,,,,,,,,,,,,,,,,B,146,star,1,1,,,,,,,,,,,,,,,,repeat,letter,lettRpt,d,0.7334,Hi,,,,,,1,,,,,,,,high,9,0,9,0,1,,,,,,,,,
293365,2022-10-04_18h30.24.318,vts_reward_expectancy,2022.2.4,MacIntel,59.99880002,Chrome,1440,813,,,,,1,687,,,,,,,,,,,,,,,,,F,167,hexagon,1,0,,,,,,,,,,,,,,,,switch,number,numSwt,k,0.7508,Lo,,,,,,1,,,,,,,,high,10,0,10,0,1,,,,,,,,,
293365,2022-10-04_18h30.24.318,vts_reward_expectancy,2022.2.4,MacIntel,59.99880002,Chrome,1440,813,,,,,10,697,,,,,,,,,,,,,,,,,D,160,star,1,0,,,,,,,,,,,,,,,,repeat,number,numRpt,k,0.5711,Hi,,,,,,1,,,,,,,,high,11,0,11,0,1,,,,,,,,,
293365,2022-10-04_18h30.24.318,vts_reward_expectancy,2022.2.4,MacIntel,59.99880002,Chrome,1440,813,,,,,1,698,,,,,,,,,,,,,,,,,W,181,hexagon,1,0,,,,,,,,,,,,,,,,switch,letter,lettSwt,f,0.4281,Lo,,,,,,1,,,,,,,,high,12,0,12,0,1,,,,,,,,,
293365,2022-10-04_18h30.24.318,vts_reward_expectancy,2022.2.4,MacIntel,59.99880002,Chrome,1440,813,,,,,0,698,,,,,,,,,,,,,,,,,H,139,star,1,0,,,,,,,,,,,,,,,,switch,number,numSwt,j,0.9152,Hi,,,,,,1,,,,,,,,high,13,0,13,0,1,,,,,,,,,
293365,2022-10-04_18h30.24.318,vts_reward_expectancy,2022.2.4,MacIntel,59.99880002,Chrome,1440,813,,,,,10,708,,,,,,,,,,,,,,,,,U,132,hexagon,1,0,,,,,,,,,,,,,,,,repeat,number,numRpt,j,0.4528,Lo,,,,,,1,,,,,,,,high,14,0,14,0,1,,,,,,,,,
293365,2022-10-04_18h30.24.318,vts_reward_expectancy,2022.2.4,MacIntel,59.99880002,Chrome,1440,813,,,,,10,718,,,,,,,,,,,,,,,,,Y,174,star,1,0,,,,,,,,,,,,,,,,switch,letter,lettSwt,f,0.5447,Hi,,,,,,1,,,,,,,,high,15,0,15,0,1,,,,,,,,,
293365,2022-10-04_18h30.24.318,vts_reward_expectancy,2022.2.4,MacIntel,59.99880002,Chrome,1440,813,,,,,1,719,,,,,,,,,,,,,,,,,W,174,hexagon,1,0,,,,,,,,,,,,,,,,repeat,letter,lettRpt,f,0.5624,Lo,,,,,,1,,,,,,,,high,16,0,16,0,1,,,,,,,,,
293365,2022-10-04_18h30.24.318,vts_reward_expectancy,2022.2.4,MacIntel,59.99880002,Chrome,1440,813,,,,,10,729,,,,,,,,,,,,,,,,,S,181,star,1,0,,,,,,,,,,,,,,,,switch,number,numSwt,k,0.4812,Hi,,,,,,1,,,,,,,,high,17,0,17,0,1,,,,,,,,,
293365,2022-10-04_18h30.24.318,vts_reward_expectancy,2022.2.4,MacIntel,59.99880002,Chrome,1440,813,,,,,1,730,,,,,,,,,,,,,,,,,B,132,hexagon,1,0,,,,,,,,,,,,,,,,repeat,number,numRpt,j,0.5594,Lo,,,,,,1,,,,,,,,high,18,0,18,0,1,,,,,,,,,
293365,2022-10-04_18h30.24.318,vts_reward_expectancy,2022.2.4,MacIntel,59.99880002,Chrome,1440,813,,,,,10,740,,,,,,,,,,,,,,,,,F,125,star,1,0,,,,,,,,,,,,,,,,repeat,number,numRpt,j,0.6036,Hi,,,,,,1,,,,,,,,high,19,0,19,0,1,,,,,,,,,
293365,2022-10-04_18h30.24.318,vts_reward_expectancy,2022.2.4,MacIntel,59.99880002,Chrome,1440,813,,,,,0,740,,,,,,,,,,,,,,,,,U,160,hexagon,0,0,,,,,,,,,,,,,,,,switch,letter,NA,d,0.8852,Hi,,,,,,1,,,,,,,,high,20,0,20,0,1,,,,,,,,,
293365,2022-10-04_18h30.24.318,vts_reward_expectancy,2022.2.4,MacIntel,59.99880002,Chrome,1440,813,,,,,0,740,,,,,,,,,,,,,,,,,D,139,star,1,1,,,,,,,,,,,,,,,,switch,number,numSwt,j,0.6673,Hi,,,,,,1,,,,,,,,high,21,0,21,0,1,,,,,,,,,
293365,2022-10-04_18h30.24.318,vts_reward_expectancy,2022.2.4,MacIntel,59.99880002,Chrome,1440,813,,,,,1,741,,,,,,,,,,,,,,,,,Y,167,hexagon,1,0,,,,,,,,,,,,,,,,switch,letter,lettSwt,f,0.6757,Lo,,,,,,1,,,,,,,,high,22,0,22,0,1,,,,,,,,,
293365,2022-10-04_18h30.24.318,vts_reward_expectancy,2022.2.4,MacIntel,59.99880002,Chrome,1440,813,,,,,10,751,,,,,,,,,,,,,,,,,H,146,star,1,0,,,,,,,,,,,,,,,,repeat,letter,lettRpt,d,0.7474,Hi,,,,,,1,,,,,,,,high,23,0,23,0,1,,,,,,,,,
293365,2022-10-04_18h30.24.318,vts_reward_expectancy,2022.2.4,MacIntel,59.99880002,Chrome,1440,813,,,,,10,761,,,,,,,,,,,,,,,,,H,146,star,1,0,,,,,,,,,,,,,,,,repeat,letter,lettRpt,d,0.5361,Hi,,,,,,1,,,,,,,,high,24,0,24,0,1,,,,,,,,,
293365,2022-10-04_18h30.24.318,vts_reward_expectancy,2022.2.4,MacIntel,59.99880002,Chrome,1440,813,,,,,1,762,,,,,,,,,,,,,,,,,B,167,hexagon,1,0,,,,,,,,,,,,,,,,switch,number,numSwt,k,0.8349,Lo,,,,,,1,,,,,,,,high,25,0,25,0,1,,,,,,,,,
293365,2022-10-04_18h30.24.318,vts_reward_expectancy,2022.2.4,MacIntel,59.99880002,Chrome,1440,813,,,,,0,762,,,,,,,,,,,,,,,,,U,160,star,1,0,,,,,,,,,,,,,,,,switch,letter,lettSwt,f,0.8651,Hi,,,,,,1,,,,,,,,high,26,0,26,0,1,,,,,,,,,
293365,2022-10-04_18h30.24.318,vts_reward_expectancy,2022.2.4,MacIntel,59.99880002,Chrome,1440,813,,,,,1,763,,,,,,,,,,,,,,,,,D,174,hexagon,1,0,,,,,,,,,,,,,,,,switch,number,numSwt,k,0.7834,Lo,,,,,,1,,,,,,,,high,27,0,27,0,1,,,,,,,,,
293365,2022-10-04_18h30.24.318,vts_reward_expectancy,2022.2.4,MacIntel,59.99880002,Chrome,1440,813,,,,,10,773,,,,,,,,,,,,,,,,,Y,181,star,1,0,,,,,,,,,,,,,,,,repeat,number,numRpt,k,0.5956,Hi,,,,,,1,,,,,,,,high,28,0,28,0,1,,,,,,,,,
293365,2022-10-04_18h30.24.318,vts_reward_expectancy,2022.2.4,MacIntel,59.99880002,Chrome,1440,813,,,,,0,773,,,,,,,,,,,,,,,,,S,132,hexagon,0,0,,,,,,,,,,,,,,,,switch,letter,NA,d,0.8777,Hi,,,,,,1,,,,,,,,high,29,0,29,0,1,,,,,,,,,
293365,2022-10-04_18h30.24.318,vts_reward_expectancy,2022.2.4,MacIntel,59.99880002,Chrome,1440,813,,,,,10,783,,,,,,,,,,,,,,,,,F,125,star,1,1,,,,,,,,,,,,,,,,repeat,letter,lettRpt,d,0.5775,Hi,,,,,,1,,,,,,,,high,30,0,30,0,1,,,,,,,,,
293365,2022-10-04_18h30.24.318,vts_reward_expectancy,2022.2.4,MacIntel,59.99880002,Chrome,1440,813,,,,,0,783,,,,,,,,,,,,,,,,,W,139,hexagon,0,0,,,,,,,,,,,,,,,,repeat,letter,NA,d,0.9595,Hi,,,,,,1,,,,,,,,high,31,0,31,0,1,,,,,,,,,
293365,2022-10-04_18h30.24.318,vts_reward_expectancy,2022.2.4,MacIntel,59.99880002,Chrome,1440,813,,,,,10,793,,,,,,,,,,,,,,,,,S,125,star,1,1,,,,,,,,,,,,,,,,switch,number,numSwt,j,0.5169,Hi,,,,,,2,,,,,,space,1.0228,high,0,0,0,0,1,,,,,,,,,
293365,2022-10-04_18h30.24.318,vts_reward_expectancy,2022.2.4,MacIntel,59.99880002,Chrome,1440,813,,,,,0,793,,,,,,,,,,,,,,,,,W,146,hexagon,0,0,,,,,,,,,,,,,,,,repeat,number,NA,k,0.694,Hi,,,,,,2,,,,,,,,high,1,0,1,0,1,,,,,,,,,
293365,2022-10-04_18h30.24.318,vts_reward_expectancy,2022.2.4,MacIntel,59.99880002,Chrome,1440,813,,,,,0,793,,,,,,,,,,,,,,,,,B,160,star,1,1,,,,,,,,,,,,,,,,repeat,number,numRpt,k,0.585,Hi,,,,,,2,,,,,,,,high,2,0,2,0,1,,,,,,,,,
293365,2022-10-04_18h30.24.318,vts_reward_expectancy,2022.2.4,MacIntel,59.99880002,Chrome,1440,813,,,,,10,803,,,,,,,,,,,,,,,,,D,132,hexagon,1,0,,,,,,,,,,,,,,,,repeat,number,numRpt,j,2.0482,Lo,,,,,,2,,,,,,,,high,3,0,3,0,1,,,,,,,,,
293365,2022-10-04_18h30.24.318,vts_reward_expectancy,2022.2.4,MacIntel,59.99880002,Chrome,1440,813,,,,,1,804,,,,,,,,,,,,,,,,,H,139,hexagon,1,0,,,,,,,,,,,,,,,,repeat,number,numRpt,j,0.8437,Lo,,,,,,2,,,,,,,,high,4,0,4,0,1,,,,,,,,,
293365,2022-10-04_18h30.24.318,vts_reward_expectancy,2022.2.4,MacIntel,59.99880002,Chrome,1440,813,,,,,0,804,,,,,,,,,,,,,,,,,U,174,star,1,0,,,,,,,,,,,,,,,,switch,letter,lettSwt,f,0.6803,Hi,,,,,,2,,,,,,,,high,5,0,5,0,1,,,,,,,,,
293365,2022-10-04_18h30.24.318,vts_reward_expectancy,2022.2.4,MacIntel,59.99880002,Chrome,1440,813,,,,,1,805,,,,,,,,,,,,,,,,,Y,181,hexagon,1,0,,,,,,,,,,,,,,,,repeat,letter,lettRpt,f,0.6661,Lo,,,,,,2,,,,,,,,high,6,0,6,0,1,,,,,,,,,
293365,2022-10-04_18h30.24.318,vts_reward_expectancy,2022.2.4,MacIntel,59.99880002,Chrome,1440,813,,,,,0,805,,,,,,,,,,,,,,,,,F,167,star,1,0,,,,,,,,,,,,,,,,switch,number,numSwt,k,0.793,Hi,,,,,,2,,,,,,,,high,7,0,7,0,1,,,,,,,,,
293365,2022-10-04_18h30.24.318,vts_reward_expectancy,2022.2.4,MacIntel,59.99880002,Chrome,1440,813,,,,,0,805,,,,,,,,,,,,,,,,,S,125,hexagon,0,0,,,,,,,,,,,,,,,,switch,letter,NA,d,0.9111,Hi,,,,,,2,,,,,,,,high,8,0,8,0,1,,,,,,,,,
293365,2022-10-04_18h30.24.318,vts_reward_expectancy,2022.2.4,MacIntel,59.99880002,Chrome,1440,813,,,,,1,806,,,,,,,,,,,,,,,,,W,146,star,1,1,,,,,,,,,,,,,,,,repeat,letter,lettRpt,f,0.5604,Hi,,,,,,2,,,,,,,,high,9,0,9,0,1,,,,,,,,,
293365,2022-10-04_18h30.24.318,vts_reward_expectancy,2022.2.4,MacIntel,59.99880002,Chrome,1440,813,,,,,1,807,,,,,,,,,,,,,,,,,B,160,hexagon,1,0,,,,,,,,,,,,,,,,repeat,letter,lettRpt,d,0.9633,Lo,,,,,,2,,,,,,,,high,10,0,10,0,1,,,,,,,,,
293365,2022-10-04_18h30.24.318,vts_reward_expectancy,2022.2.4,MacIntel,59.99880002,Chrome,1440,813,,,,,0,807,,,,,,,,,,,,,,,,,D,132,star,1,0,,,,,,,,,,,,,,,,repeat,letter,lettRpt,d,0.6941,Hi,,,,,,2,,,,,,,,high,11,0,11,0,1,,,,,,,,,
293365,2022-10-04_18h30.24.318,vts_reward_expectancy,2022.2.4,MacIntel,59.99880002,Chrome,1440,813,,,,,10,817,,,,,,,,,,,,,,,,,H,139,star,1,0,,,,,,,,,,,,,,,,switch,number,numSwt,j,0.7145,Hi,,,,,,2,,,,,,,,high,12,0,12,0,1,,,,,,,,,
293365,2022-10-04_18h30.24.318,vts_reward_expectancy,2022.2.4,MacIntel,59.99880002,Chrome,1440,813,,,,,1,818,,,,,,,,,,,,,,,,,U,174,hexagon,1,0,,,,,,,,,,,,,,,,repeat,number,numRpt,k,0.581,Lo,,,,,,2,,,,,,,,high,13,0,13,0,1,,,,,,,,,
293365,2022-10-04_18h30.24.318,vts_reward_expectancy,2022.2.4,MacIntel,59.99880002,Chrome,1440,813,,,,,1,819,,,,,,,,,,,,,,,,,Y,181,hexagon,1,0,,,,,,,,,,,,,,,,switch,letter,lettSwt,f,0.5471,Lo,,,,,,2,,,,,,,,high,14,0,14,0,1,,,,,,,,,
293365,2022-10-04_18h30.24.318,vts_reward_expectancy,2022.2.4,MacIntel,59.99880002,Chrome,1440,813,,,,,10,829,,,,,,,,,,,,,,,,,F,167,star,1,0,,,,,,,,,,,,,,,,switch,number,numSwt,k,0.6497,Hi,,,,,,2,,,,,,,,high,15,0,15,0,1,,,,,,,,,
293365,2022-10-04_18h30.24.318,vts_reward_expectancy,2022.2.4,MacIntel,59.99880002,Chrome,1440,813,,,,,0,829,,,,,,,,,,,,,,,,,W,146,star,1,0,,,,,,,,,,,,,,,,repeat,number,numRpt,j,0.6347,Hi,,,,,,2,,,,,,,,high,16,0,16,0,1,,,,,,,,,
293365,2022-10-04_18h30.24.318,vts_reward_expectancy,2022.2.4,MacIntel,59.99880002,Chrome,1440,813,,,,,1,830,,,,,,,,,,,,,,,,,H,174,hexagon,1,0,,,,,,,,,,,,,,,,switch,letter,lettSwt,d,0.7879,Lo,,,,,,2,,,,,,,,high,17,0,17,0,1,,,,,,,,,
293365,2022-10-04_18h30.24.318,vts_reward_expectancy,2022.2.4,MacIntel,59.99880002,Chrome,1440,813,,,,,1,831,,,,,,,,,,,,,,,,,F,125,hexagon,1,0,,,,,,,,,,,,,,,,repeat,letter,lettRpt,d,0.649,Lo,,,,,,2,,,,,,,,high,18,0,18,0,1,,,,,,,,,
293365,2022-10-04_18h30.24.318,vts_reward_expectancy,2022.2.4,MacIntel,59.99880002,Chrome,1440,813,,,,,10,841,,,,,,,,,,,,,,,,,Y,167,star,1,0,,,,,,,,,,,,,,,,switch,number,numSwt,k,0.6292,Hi,,,,,,2,,,,,,,,high,19,0,19,0,1,,,,,,,,,
293365,2022-10-04_18h30.24.318,vts_reward_expectancy,2022.2.4,MacIntel,59.99880002,Chrome,1440,813,,,,,10,851,,,,,,,,,,,,,,,,,U,139,hexagon,1,0,,,,,,,,,,,,,,,,switch,letter,lettSwt,f,0.8136,Lo,,,,,,2,,,,,,,,high,20,0,20,0,1,,,,,,,,,
293365,2022-10-04_18h30.24.318,vts_reward_expectancy,2022.2.4,MacIntel,59.99880002,Chrome,1440,813,,,,,0,851,,,,,,,,,,,,,,,,,D,160,star,1,0,,,,,,,,,,,,,,,,repeat,letter,lettRpt,d,0.6343,Hi,,,,,,2,,,,,,,,high,21,0,21,0,1,,,,,,,,,
293365,2022-10-04_18h30.24.318,vts_reward_expectancy,2022.2.4,MacIntel,59.99880002,Chrome,1440,813,,,,,0,851,,,,,,,,,,,,,,,,,S,132,star,1,0,,,,,,,,,,,,,,,,repeat,letter,lettRpt,f,0.6149,Hi,,,,,,2,,,,,,,,high,22,0,22,0,1,,,,,,,,,
293365,2022-10-04_18h30.24.318,vts_reward_expectancy,2022.2.4,MacIntel,59.99880002,Chrome,1440,813,,,,,0,851,,,,,,,,,,,,,,,,,B,181,hexagon,0,0,,,,,,,,,,,,,,,,switch,number,NA,j,0.6327,Hi,,,,,,2,,,,,,,,high,23,0,23,0,1,,,,,,,,,
293365,2022-10-04_18h30.24.318,vts_reward_expectancy,2022.2.4,MacIntel,59.99880002,Chrome,1440,813,,,,,0,851,,,,,,,,,,,,,,,,,B,132,star,1,1,,,,,,,,,,,,,,,,repeat,number,numRpt,j,1.022,Hi,,,,,,2,,,,,,,,high,24,0,24,0,1,,,,,,,,,
293365,2022-10-04_18h30.24.318,vts_reward_expectancy,2022.2.4,MacIntel,59.99880002,Chrome,1440,813,,,,,1,852,,,,,,,,,,,,,,,,,H,139,hexagon,1,0,,,,,,,,,,,,,,,,repeat,number,numRpt,j,0.8625,Lo,,,,,,2,,,,,,,,high,25,0,25,0,1,,,,,,,,,
293365,2022-10-04_18h30.24.318,vts_reward_expectancy,2022.2.4,MacIntel,59.99880002,Chrome,1440,813,,,,,1,853,,,,,,,,,,,,,,,,,W,181,hexagon,1,0,,,,,,,,,,,,,,,,repeat,number,numRpt,k,0.714,Lo,,,,,,2,,,,,,,,high,26,0,26,0,1,,,,,,,,,
293365,2022-10-04_18h30.24.318,vts_reward_expectancy,2022.2.4,MacIntel,59.99880002,Chrome,1440,813,,,,,0,853,,,,,,,,,,,,,,,,,F,174,star,1,0,,,,,,,,,,,,,,,,switch,letter,lettSwt,d,0.6285,Hi,,,,,,2,,,,,,,,high,27,0,27,0,1,,,,,,,,,
293365,2022-10-04_18h30.24.318,vts_reward_expectancy,2022.2.4,MacIntel,59.99880002,Chrome,1440,813,,,,,1,854,,,,,,,,,,,,,,,,,D,146,hexagon,1,0,,,,,,,,,,,,,,,,repeat,letter,lettRpt,d,0.6834,Lo,,,,,,2,,,,,,,,high,28,0,28,0,1,,,,,,,,,
293365,2022-10-04_18h30.24.318,vts_reward_expectancy,2022.2.4,MacIntel,59.99880002,Chrome,1440,813,,,,,10,864,,,,,,,,,,,,,,,,,S,160,star,1,0,,,,,,,,,,,,,,,,repeat,letter,lettRpt,f,0.5874,Hi,,,,,,2,,,,,,,,high,29,0,29,0,1,,,,,,,,,
293365,2022-10-04_18h30.24.318,vts_reward_expectancy,2022.2.4,MacIntel,59.99880002,Chrome,1440,813,,,,,1,865,,,,,,,,,,,,,,,,,U,167,hexagon,1,0,,,,,,,,,,,,,,,,switch,number,numSwt,k,0.8544,Lo,,,,,,2,,,,,,,,high,30,0,30,0,1,,,,,,,,,
293365,2022-10-04_18h30.24.318,vts_reward_expectancy,2022.2.4,MacIntel,59.99880002,Chrome,1440,813,,,,,10,875,,,,,,,,,,,,,,,,,Y,125,star,1,0,,,,,,,,,,,,,,,,repeat,number,numRpt,j,0.5119,Hi,,,,,,2,,,,,,,,high,31,0,31,0,1,,,,,,,,,
293365,2022-10-04_18h30.24.318,vts_reward_expectancy,2022.2.4,MacIntel,59.99880002,Chrome,1440,813,,,,,1,876,,,,,,,,,,,,,,,,,U,181,triangle,1,0,,,,,,,,,,,,,,,,switch,letter,lettSwt,f,0.5976,Lo,,,,,,3,,,,,,space,2.2082,low,0,0,0,0,1,,,,,,,,,
293365,2022-10-04_18h30.24.318,vts_reward_expectancy,2022.2.4,MacIntel,59.99880002,Chrome,1440,813,,,,,0,876,,,,,,,,,,,,,,,,,F,125,circle,1,0,,,,,,,,,,,,,,,,switch,number,numSwt,j,0.7477,Hi,,,,,,3,,,,,,,,low,1,0,1,0,1,,,,,,,,,
293365,2022-10-04_18h30.24.318,vts_reward_expectancy,2022.2.4,MacIntel,59.99880002,Chrome,1440,813,,,,,10,886,,,,,,,,,,,,,,,,,Y,132,triangle,1,0,,,,,,,,,,,,,,,,repeat,number,numRpt,j,0.8587,Lo,,,,,,3,,,,,,,,low,2,0,2,0,1,,,,,,,,,
293365,2022-10-04_18h30.24.318,vts_reward_expectancy,2022.2.4,MacIntel,59.99880002,Chrome,1440,813,,,,,10,896,,,,,,,,,,,,,,,,,B,139,circle,1,0,,,,,,,,,,,,,,,,switch,letter,lettSwt,d,0.6332,Hi,,,,,,3,,,,,,,,low,3,0,3,0,1,,,,,,,,,
293365,2022-10-04_18h30.24.318,vts_reward_expectancy,2022.2.4,MacIntel,59.99880002,Chrome,1440,813,,,,,1,897,,,,,,,,,,,,,,,,,H,146,triangle,1,0,,,,,,,,,,,,,,,,switch,number,numSwt,j,0.6344,Lo,,,,,,3,,,,,,,,low,4,0,4,0,1,,,,,,,,,
293365,2022-10-04_18h30.24.318,vts_reward_expectancy,2022.2.4,MacIntel,59.99880002,Chrome,1440,813,,,,,0,897,,,,,,,,,,,,,,,,,D,167,circle,0,0,,,,,,,,,,,,,,,,repeat,number,NA,j,0.7443,Lo,,,,,,3,,,,,,,,low,5,0,5,0,1,,,,,,,,,
293365,2022-10-04_18h30.24.318,vts_reward_expectancy,2022.2.4,MacIntel,59.99880002,Chrome,1440,813,,,,,1,898,,,,,,,,,,,,,,,,,S,174,triangle,1,1,,,,,,,,,,,,,,,,repeat,number,numRpt,k,0.8319,Lo,,,,,,3,,,,,,,,low,6,0,6,0,1,,,,,,,,,
293365,2022-10-04_18h30.24.318,vts_reward_expectancy,2022.2.4,MacIntel,59.99880002,Chrome,1440,813,,,,,1,899,,,,,,,,,,,,,,,,,W,160,circle,1,0,,,,,,,,,,,,,,,,repeat,number,numRpt,k,0.5614,Hi,,,,,,3,,,,,,,,low,7,0,7,0,1,,,,,,,,,
293365,2022-10-04_18h30.24.318,vts_reward_expectancy,2022.2.4,MacIntel,59.99880002,Chrome,1440,813,,,,,10,909,,,,,,,,,,,,,,,,,U,181,circle,1,0,,,,,,,,,,,,,,,,switch,letter,lettSwt,f,0.6276,Hi,,,,,,3,,,,,,,,low,8,0,8,0,1,,,,,,,,,
293365,2022-10-04_18h30.24.318,vts_reward_expectancy,2022.2.4,MacIntel,59.99880002,Chrome,1440,813,,,,,1,910,,,,,,,,,,,,,,,,,F,125,triangle,1,0,,,,,,,,,,,,,,,,switch,number,numSwt,j,0.9632,Lo,,,,,,3,,,,,,,,low,9,0,9,0,1,,,,,,,,,
293365,2022-10-04_18h30.24.318,vts_reward_expectancy,2022.2.4,MacIntel,59.99880002,Chrome,1440,813,,,,,0,910,,,,,,,,,,,,,,,,,Y,132,circle,1,0,,,,,,,,,,,,,,,,repeat,number,numRpt,j,0.9972,Hi,,,,,,3,,,,,,,,low,10,0,10,0,1,,,,,,,,,
293365,2022-10-04_18h30.24.318,vts_reward_expectancy,2022.2.4,MacIntel,59.99880002,Chrome,1440,813,,,,,1,911,,,,,,,,,,,,,,,,,B,139,triangle,1,0,,,,,,,,,,,,,,,,switch,letter,lettSwt,d,0.6345,Lo,,,,,,3,,,,,,,,low,11,0,11,0,1,,,,,,,,,
293365,2022-10-04_18h30.24.318,vts_reward_expectancy,2022.2.4,MacIntel,59.99880002,Chrome,1440,813,,,,,1,912,,,,,,,,,,,,,,,,,H,146,triangle,1,0,,,,,,,,,,,,,,,,repeat,letter,lettRpt,d,0.9009,Lo,,,,,,3,,,,,,,,low,12,0,12,0,1,,,,,,,,,
293365,2022-10-04_18h30.24.318,vts_reward_expectancy,2022.2.4,MacIntel,59.99880002,Chrome,1440,813,,,,,0,912,,,,,,,,,,,,,,,,,D,167,circle,1,0,,,,,,,,,,,,,,,,switch,number,numSwt,k,0.8475,Hi,,,,,,3,,,,,,,,low,13,0,13,0,1,,,,,,,,,
293365,2022-10-04_18h30.24.318,vts_reward_expectancy,2022.2.4,MacIntel,59.99880002,Chrome,1440,813,,,,,0,912,,,,,,,,,,,,,,,,,S,174,circle,1,0,,,,,,,,,,,,,,,,repeat,number,numRpt,k,0.73,Hi,,,,,,3,,,,,,,,low,14,0,14,0,1,,,,,,,,,
293365,2022-10-04_18h30.24.318,vts_reward_expectancy,2022.2.4,MacIntel,59.99880002,Chrome,1440,813,,,,,10,922,,,,,,,,,,,,,,,,,W,160,triangle,1,0,,,,,,,,,,,,,,,,repeat,number,numRpt,k,0.6797,Lo,,,,,,3,,,,,,,,low,15,0,15,0,1,,,,,,,,,
293365,2022-10-04_18h30.24.318,vts_reward_expectancy,2022.2.4,MacIntel,59.99880002,Chrome,1440,813,,,,,0,922,,,,,,,,,,,,,,,,,H,146,triangle,0,0,,,,,,,,,,,,,,,,switch,letter,NA,f,0.745,Lo,,,,,,3,,,,,,,,low,16,0,16,0,1,,,,,,,,,
293365,2022-10-04_18h30.24.318,vts_reward_expectancy,2022.2.4,MacIntel,59.99880002,Chrome,1440,813,,,,,10,932,,,,,,,,,,,,,,,,,D,132,circle,1,1,,,,,,,,,,,,,,,,repeat,letter,lettRpt,d,0.5596,Hi,,,,,,3,,,,,,,,low,17,0,17,0,1,,,,,,,,,
293365,2022-10-04_18h30.24.318,vts_reward_expectancy,2022.2.4,MacIntel,59.99880002,Chrome,1440,813,,,,,1,933,,,,,,,,,,,,,,,,,B,167,triangle,1,0,,,,,,,,,,,,,,,,repeat,letter,lettRpt,d,0.6349,Lo,,,,,,3,,,,,,,,low,18,0,18,0,1,,,,,,,,,
293365,2022-10-04_18h30.24.318,vts_reward_expectancy,2022.2.4,MacIntel,59.99880002,Chrome,1440,813,,,,,0,933,,,,,,,,,,,,,,,,,U,125,circle,0,0,,,,,,,,,,,,,,,,switch,number,NA,k,0.615,Lo,,,,,,3,,,,,,,,low,19,0,19,0,1,,,,,,,,,
293365,2022-10-04_18h30.24.318,vts_reward_expectancy,2022.2.4,MacIntel,59.99880002,Chrome,1440,813,,,,,10,943,,,,,,,,,,,,,,,,,Y,139,triangle,1,1,,,,,,,,,,,,,,,,repeat,number,numRpt,j,0.745,Lo,,,,,,3,,,,,,,,low,20,0,20,0,1,,,,,,,,,
293365,2022-10-04_18h30.24.318,vts_reward_expectancy,2022.2.4,MacIntel,59.99880002,Chrome,1440,813,,,,,1,944,,,,,,,,,,,,,,,,,F,181,circle,1,0,,,,,,,,,,,,,,,,repeat,number,numRpt,k,0.5286,Hi,,,,,,3,,,,,,,,low,21,0,21,0,1,,,,,,,,,
293365,2022-10-04_18h30.24.318,vts_reward_expectancy,2022.2.4,MacIntel,59.99880002,Chrome,1440,813,,,,,10,954,,,,,,,,,,,,,,,,,W,174,triangle,1,0,,,,,,,,,,,,,,,,repeat,number,numRpt,k,0.6326,Lo,,,,,,3,,,,,,,,low,22,0,22,0,1,,,,,,,,,
293365,2022-10-04_18h30.24.318,vts_reward_expectancy,2022.2.4,MacIntel,59.99880002,Chrome,1440,813,,,,,0,954,,,,,,,,,,,,,,,,,S,160,circle,1,0,,,,,,,,,,,,,,,,switch,letter,lettSwt,f,0.7615,Hi,,,,,,3,,,,,,,,low,23,0,23,0,1,,,,,,,,,
293365,2022-10-04_18h30.24.318,vts_reward_expectancy,2022.2.4,MacIntel,59.99880002,Chrome,1440,813,,,,,10,964,,,,,,,,,,,,,,,,,D,181,triangle,1,0,,,,,,,,,,,,,,,,repeat,letter,lettRpt,d,0.7197,Lo,,,,,,3,,,,,,,,low,24,0,24,0,1,,,,,,,,,
293365,2022-10-04_18h30.24.318,vts_reward_expectancy,2022.2.4,MacIntel,59.99880002,Chrome,1440,813,,,,,0,964,,,,,,,,,,,,,,,,,W,132,circle,1,0,,,,,,,,,,,,,,,,repeat,letter,lettRpt,f,0.8186,Hi,,,,,,3,,,,,,,,low,25,0,25,0,1,,,,,,,,,
293365,2022-10-04_18h30.24.318,vts_reward_expectancy,2022.2.4,MacIntel,59.99880002,Chrome,1440,813,,,,,1,965,,,,,,,,,,,,,,,,,U,125,circle,1,0,,,,,,,,,,,,,,,,repeat,letter,lettRpt,f,0.6254,Hi,,,,,,3,,,,,,,,low,26,0,26,0,1,,,,,,,,,
293365,2022-10-04_18h30.24.318,vts_reward_expectancy,2022.2.4,MacIntel,59.99880002,Chrome,1440,813,,,,,1,966,,,,,,,,,,,,,,,,,B,139,triangle,1,0,,,,,,,,,,,,,,,,repeat,letter,lettRpt,d,0.5157,Lo,,,,,,3,,,,,,,,low,27,0,27,0,1,,,,,,,,,
293365,2022-10-04_18h30.24.318,vts_reward_expectancy,2022.2.4,MacIntel,59.99880002,Chrome,1440,813,,,,,10,976,,,,,,,,,,,,,,,,,Y,174,circle,1,0,,,,,,,,,,,,,,,,switch,number,numSwt,k,0.5712,Hi,,,,,,3,,,,,,,,low,28,0,28,0,1,,,,,,,,,
293365,2022-10-04_18h30.24.318,vts_reward_expectancy,2022.2.4,MacIntel,59.99880002,Chrome,1440,813,,,,,10,986,,,,,,,,,,,,,,,,,F,146,triangle,1,0,,,,,,,,,,,,,,,,repeat,number,numRpt,j,0.6331,Lo,,,,,,3,,,,,,,,low,29,0,29,0,1,,,,,,,,,
293365,2022-10-04_18h30.24.318,vts_reward_expectancy,2022.2.4,MacIntel,59.99880002,Chrome,1440,813,,,,,0,986,,,,,,,,,,,,,,,,,H,167,circle,1,0,,,,,,,,,,,,,,,,switch,letter,lettSwt,d,0.8155,Hi,,,,,,3,,,,,,,,low,30,0,30,0,1,,,,,,,,,
293365,2022-10-04_18h30.24.318,vts_reward_expectancy,2022.2.4,MacIntel,59.99880002,Chrome,1440,813,,,,,1,987,,,,,,,,,,,,,,,,,S,160,triangle,1,0,,,,,,,,,,,,,,,,switch,number,numSwt,k,0.6843,Lo,,,,,,3,,,,,,,,low,31,0,31,0,1,,,,,,,,,
293365,2022-10-04_18h30.24.318,vts_reward_expectancy,2022.2.4,MacIntel,59.99880002,Chrome,1440,813,,,,,10,997,,,,,,,,,,,,,,,,,S,125,triangle,1,0,,,,,,,,,,,,,,,,switch,letter,lettSwt,f,0.7665,Lo,,,,,,4,,,,,,space,1.0031,low,0,0,0,0,1,,,,,,,,,
293365,2022-10-04_18h30.24.318,vts_reward_expectancy,2022.2.4,MacIntel,59.99880002,Chrome,1440,813,,,,,10,1007,,,,,,,,,,,,,,,,,Y,146,circle,1,0,,,,,,,,,,,,,,,,repeat,letter,lettRpt,f,0.5659,Hi,,,,,,4,,,,,,,,low,1,0,1,0,1,,,,,,,,,
293365,2022-10-04_18h30.24.318,vts_reward_expectancy,2022.2.4,MacIntel,59.99880002,Chrome,1440,813,,,,,1,1008,,,,,,,,,,,,,,,,,H,160,triangle,1,0,,,,,,,,,,,,,,,,switch,number,numSwt,k,0.5834,Lo,,,,,,4,,,,,,,,low,2,0,2,0,1,,,,,,,,,
293365,2022-10-04_18h30.24.318,vts_reward_expectancy,2022.2.4,MacIntel,59.99880002,Chrome,1440,813,,,,,0,1008,,,,,,,,,,,,,,,,,U,174,circle,1,0,,,,,,,,,,,,,,,,switch,letter,lettSwt,f,0.9305,Hi,,,,,,4,,,,,,,,low,3,0,3,0,1,,,,,,,,,
293365,2022-10-04_18h30.24.318,vts_reward_expectancy,2022.2.4,MacIntel,59.99880002,Chrome,1440,813,,,,,0,1008,,,,,,,,,,,,,,,,,F,181,circle,1,0,,,,,,,,,,,,,,,,repeat,letter,lettRpt,d,0.6658,Hi,,,,,,4,,,,,,,,low,4,0,4,0,1,,,,,,,,,
293365,2022-10-04_18h30.24.318,vts_reward_expectancy,2022.2.4,MacIntel,59.99880002,Chrome,1440,813,,,,,10,1018,,,,,,,,,,,,,,,,,W,139,triangle,1,0,,,,,,,,,,,,,,,,repeat,letter,lettRpt,f,0.7912,Lo,,,,,,4,,,,,,,,low,5,0,5,0,1,,,,,,,,,
293365,2022-10-04_18h30.24.318,vts_reward_expectancy,2022.2.4,MacIntel,59.99880002,Chrome,1440,813,,,,,1,1019,,,,,,,,,,,,,,,,,B,167,circle,1,0,,,,,,,,,,,,,,,,switch,number,numSwt,k,0.4975,Hi,,,,,,4,,,,,,,,low,6,0,6,0,1,,,,,,,,,
293365,2022-10-04_18h30.24.318,vts_reward_expectancy,2022.2.4,MacIntel,59.99880002,Chrome,1440,813,,,,,10,1029,,,,,,,,,,,,,,,,,D,132,triangle,1,0,,,,,,,,,,,,,,,,switch,letter,lettSwt,d,0.598,Lo,,,,,,4,,,,,,,,low,7,0,7,0,1,,,,,,,,,
293365,2022-10-04_18h30.24.318,vts_reward_expectancy,2022.2.4,MacIntel,59.99880002,Chrome,1440,813,,,,,10,1039,,,,,,,,,,,,,,,,,S,125,circle,1,0,,,,,,,,,,,,,,,,repeat,letter,lettRpt,f,0.5967,Hi,,,,,,4,,,,,,,,low,8,0,8,0,1,,,,,,,,,
293365,2022-10-04_18h30.24.318,vts_reward_expectancy,2022.2.4,MacIntel,59.99880002,Chrome,1440,813,,,,,0,1039,,,,,,,,,,,,,,,,,Y,146,triangle,0,0,,,,,,,,,,,,,,,,switch,number,NA,k,0.7641,Hi,,,,,,4,,,,,,,,low,9,0,9,0,1,,,,,,,,,
293365,2022-10-04_18h30.24.318,vts_reward_expectancy,2022.2.4,MacIntel,59.99880002,Chrome,1440,813,,,,,0,1039,,,,,,,,,,,,,,,,,H,160,circle,1,1,,,,,,,,,,,,,,,,repeat,number,numRpt,k,0.7294,Hi,,,,,,4,,,,,,,,low,10,0,10,0,1,,,,,,,,,
293365,2022-10-04_18h30.24.318,vts_reward_expectancy,2022.2.4,MacIntel,59.99880002,Chrome,1440,813,,,,,1,1040,,,,,,,,,,,,,,,,,U,174,triangle,1,0,,,,,,,,,,,,,,,,switch,letter,lettSwt,f,0.7982,Lo,,,,,,4,,,,,,,,low,11,0,11,0,1,,,,,,,,,
293365,2022-10-04_18h30.24.318,vts_reward_expectancy,2022.2.4,MacIntel,59.99880002,Chrome,1440,813,,,,,1,1041,,,,,,,,,,,,,,,,,F,181,circle,1,0,,,,,,,,,,,,,,,,switch,number,numSwt,k,0.5441,Hi,,,,,,4,,,,,,,,low,12,0,12,0,1,,,,,,,,,
293365,2022-10-04_18h30.24.318,vts_reward_expectancy,2022.2.4,MacIntel,59.99880002,Chrome,1440,813,,,,,0,1041,,,,,,,,,,,,,,,,,W,139,triangle,0,0,,,,,,,,,,,,,,,,switch,letter,NA,d,0.7744,Hi,,,,,,4,,,,,,,,low,13,0,13,0,1,,,,,,,,,
293365,2022-10-04_18h30.24.318,vts_reward_expectancy,2022.2.4,MacIntel,59.99880002,Chrome,1440,813,,,,,0,1041,,,,,,,,,,,,,,,,,B,167,circle,1,1,,,,,,,,,,,,,,,,switch,number,numSwt,k,1.013,Hi,,,,,,4,,,,,,,,low,14,0,14,0,1,,,,,,,,,
293365,2022-10-04_18h30.24.318,vts_reward_expectancy,2022.2.4,MacIntel,59.99880002,Chrome,1440,813,,,,,10,1051,,,,,,,,,,,,,,,,,D,132,triangle,1,0,,,,,,,,,,,,,,,,switch,letter,lettSwt,d,1.1797,Lo,,,,,,4,,,,,,,,low,15,0,15,0,1,,,,,,,,,
293365,2022-10-04_18h30.24.318,vts_reward_expectancy,2022.2.4,MacIntel,59.99880002,Chrome,1440,813,,,,,1,1052,,,,,,,,,,,,,,,,,Y,167,triangle,1,0,,,,,,,,,,,,,,,,switch,number,numSwt,k,0.6517,Lo,,,,,,4,,,,,,,,low,16,0,16,0,1,,,,,,,,,
293365,2022-10-04_18h30.24.318,vts_reward_expectancy,2022.2.4,MacIntel,59.99880002,Chrome,1440,813,,,,,10,1062,,,,,,,,,,,,,,,,,S,181,circle,1,0,,,,,,,,,,,,,,,,repeat,number,numRpt,k,0.5823,Hi,,,,,,4,,,,,,,,low,17,0,17,0,1,,,,,,,,,
293365,2022-10-04_18h30.24.318,vts_reward_expectancy,2022.2.4,MacIntel,59.99880002,Chrome,1440,813,,,,,10,1072,,,,,,,,,,,,,,,,,H,174,triangle,1,0,,,,,,,,,,,,,,,,repeat,number,numRpt,k,0.6841,Lo,,,,,,4,,,,,,,,low,18,0,18,0,1,,,,,,,,,
293365,2022-10-04_18h30.24.318,vts_reward_expectancy,2022.2.4,MacIntel,59.99880002,Chrome,1440,813,,,,,0,1072,,,,,,,,,,,,,,,,,F,139,circle,1,0,,,,,,,,,,,,,,,,switch,letter,lettSwt,d,0.7317,Hi,,,,,,4,,,,,,,,low,19,0,19,0,1,,,,,,,,,
293365,2022-10-04_18h30.24.318,vts_reward_expectancy,2022.2.4,MacIntel,59.99880002,Chrome,1440,813,,,,,0,1072,,,,,,,,,,,,,,,,,W,146,circle,1,0,,,,,,,,,,,,,,,,repeat,letter,lettRpt,f,0.6621,Hi,,,,,,4,,,,,,,,low,20,0,20,0,1,,,,,,,,,
293365,2022-10-04_18h30.24.318,vts_reward_expectancy,2022.2.4,MacIntel,59.99880002,Chrome,1440,813,,,,,1,1073,,,,,,,,,,,,,,,,,D,125,triangle,1,0,,,,,,,,,,,,,,,,repeat,letter,lettRpt,d,0.9458,Lo,,,,,,4,,,,,,,,low,21,0,21,0,1,,,,,,,,,
293365,2022-10-04_18h30.24.318,vts_reward_expectancy,2022.2.4,MacIntel,59.99880002,Chrome,1440,813,,,,,1,1074,,,,,,,,,,,,,,,,,B,160,triangle,1,0,,,,,,,,,,,,,,,,repeat,letter,lettRpt,d,0.7168,Lo,,,,,,4,,,,,,,,low,22,0,22,0,1,,,,,,,,,
293365,2022-10-04_18h30.24.318,vts_reward_expectancy,2022.2.4,MacIntel,59.99880002,Chrome,1440,813,,,,,0,1074,,,,,,,,,,,,,,,,,U,132,circle,0,0,,,,,,,,,,,,,,,,switch,number,NA,k,0.7989,Lo,,,,,,4,,,,,,,,low,23,0,23,0,1,,,,,,,,,
293365,2022-10-04_18h30.24.318,vts_reward_expectancy,2022.2.4,MacIntel,59.99880002,Chrome,1440,813,,,,,0,1074,,,,,,,,,,,,,,,,,Y,160,circle,1,1,,,,,,,,,,,,,,,,repeat,number,numRpt,k,0.664,Hi,,,,,,4,,,,,,,,low,24,0,24,0,1,,,,,,,,,
293365,2022-10-04_18h30.24.318,vts_reward_expectancy,2022.2.4,MacIntel,59.99880002,Chrome,1440,813,,,,,1,1075,,,,,,,,,,,,,,,,,H,132,triangle,1,0,,,,,,,,,,,,,,,,switch,letter,lettSwt,d,0.7628,Lo,,,,,,4,,,,,,,,low,25,0,25,0,1,,,,,,,,,
293365,2022-10-04_18h30.24.318,vts_reward_expectancy,2022.2.4,MacIntel,59.99880002,Chrome,1440,813,,,,,0,1075,,,,,,,,,,,,,,,,,D,174,circle,1,0,,,,,,,,,,,,,,,,repeat,letter,lettRpt,d,0.6611,Hi,,,,,,4,,,,,,,,low,26,0,26,0,1,,,,,,,,,
293365,2022-10-04_18h30.24.318,vts_reward_expectancy,2022.2.4,MacIntel,59.99880002,Chrome,1440,813,,,,,0,1075,,,,,,,,,,,,,,,,,W,181,triangle,0,0,,,,,,,,,,,,,,,,repeat,letter,NA,d,0.483,Hi,,,,,,4,,,,,,,,low,27,0,27,0,1,,,,,,,,,
293365,2022-10-04_18h30.24.318,vts_reward_expectancy,2022.2.4,MacIntel,59.99880002,Chrome,1440,813,,,,,10,1085,,,,,,,,,,,,,,,,,F,125,triangle,1,1,,,,,,,,,,,,,,,,repeat,letter,lettRpt,d,0.6297,Lo,,,,,,4,,,,,,,,low,28,0,28,0,1,,,,,,,,,
293365,2022-10-04_18h30.24.318,vts_reward_expectancy,2022.2.4,MacIntel,59.99880002,Chrome,1440,813,,,,,1,1086,,,,,,,,,,,,,,,,,U,146,circle,1,0,,,,,,,,,,,,,,,,repeat,letter,lettRpt,f,0.5698,Hi,,,,,,4,,,,,,,,low,29,0,29,0,1,,,,,,,,,
293365,2022-10-04_18h30.24.318,vts_reward_expectancy,2022.2.4,MacIntel,59.99880002,Chrome,1440,813,,,,,0,1086,,,,,,,,,,,,,,,,,S,139,circle,1,0,,,,,,,,,,,,,,,,switch,number,numSwt,j,1.093,Hi,,,,,,4,,,,,,,,low,30,0,30,0,1,,,,,,,,,
293365,2022-10-04_18h30.24.318,vts_reward_expectancy,2022.2.4,MacIntel,59.99880002,Chrome,1440,813,,,,,10,1096,,,,,,,,,,,,,,,,,B,167,triangle,1,0,,,,,,,,,,,,,,,,repeat,number,numRpt,k,0.8522,Lo,,,,,,4,,,,,,,,low,31,0,31,0,1,,,,,,,,,
293365,2022-10-04_18h30.24.318,vts_reward_expectancy,2022.2.4,MacIntel,59.99880002,Chrome,1440,813,,,,,1,1097,,,,,,,,,,,,,,,,,D,181,triangle,1,0,,,,,,,,,,,,,,,,switch,letter,lettSwt,d,0.7177,Lo,,,,,,5,,,,,,space,1.7068,low,0,0,0,0,1,,,,,,,,,
293365,2022-10-04_18h30.24.318,vts_reward_expectancy,2022.2.4,MacIntel,59.99880002,Chrome,1440,813,,,,,0,1097,,,,,,,,,,,,,,,,,Y,139,circle,1,0,,,,,,,,,,,,,,,,repeat,letter,lettRpt,f,0.8927,Hi,,,,,,5,,,,,,,,low,1,0,1,0,1,,,,,,,,,
293365,2022-10-04_18h30.24.318,vts_reward_expectancy,2022.2.4,MacIntel,59.99880002,Chrome,1440,813,,,,,10,1107,,,,,,,,,,,,,,,,,F,174,triangle,1,0,,,,,,,,,,,,,,,,switch,number,numSwt,k,0.4973,Lo,,,,,,5,,,,,,,,low,2,0,2,0,1,,,,,,,,,
293365,2022-10-04_18h30.24.318,vts_reward_expectancy,2022.2.4,MacIntel,59.99880002,Chrome,1440,813,,,,,10,1117,,,,,,,,,,,,,,,,,W,125,circle,1,0,,,,,,,,,,,,,,,,switch,letter,lettSwt,f,0.4986,Hi,,,,,,5,,,,,,,,low,3,0,3,0,1,,,,,,,,,
293365,2022-10-04_18h30.24.318,vts_reward_expectancy,2022.2.4,MacIntel,59.99880002,Chrome,1440,813,,,,,10,1127,,,,,,,,,,,,,,,,,U,132,circle,1,0,,,,,,,,,,,,,,,,repeat,letter,lettRpt,f,0.6277,Hi,,,,,,5,,,,,,,,low,4,0,4,0,1,,,,,,,,,
293365,2022-10-04_18h30.24.318,vts_reward_expectancy,2022.2.4,MacIntel,59.99880002,Chrome,1440,813,,,,,1,1128,,,,,,,,,,,,,,,,,H,167,triangle,1,0,,,,,,,,,,,,,,,,repeat,letter,lettRpt,d,0.7181,Lo,,,,,,5,,,,,,,,low,5,0,5,0,1,,,,,,,,,
293365,2022-10-04_18h30.24.318,vts_reward_expectancy,2022.2.4,MacIntel,59.99880002,Chrome,1440,813,,,,,0,1128,,,,,,,,,,,,,,,,,B,146,circle,1,0,,,,,,,,,,,,,,,,switch,number,numSwt,j,0.5793,Hi,,,,,,5,,,,,,,,low,6,0,6,0,1,,,,,,,,,
293365,2022-10-04_18h30.24.318,vts_reward_expectancy,2022.2.4,MacIntel,59.99880002,Chrome,1440,813,,,,,1,1129,,,,,,,,,,,,,,,,,S,160,triangle,1,0,,,,,,,,,,,,,,,,switch,letter,lettSwt,f,0.5978,Lo,,,,,,5,,,,,,,,low,7,0,7,0,1,,,,,,,,,
293365,2022-10-04_18h30.24.318,vts_reward_expectancy,2022.2.4,MacIntel,59.99880002,Chrome,1440,813,,,,,0,1129,,,,,,,,,,,,,,,,,D,181,circle,1,0,,,,,,,,,,,,,,,,switch,number,numSwt,k,0.7032,Hi,,,,,,5,,,,,,,,low,8,0,8,0,1,,,,,,,,,
293365,2022-10-04_18h30.24.318,vts_reward_expectancy,2022.2.4,MacIntel,59.99880002,Chrome,1440,813,,,,,1,1130,,,,,,,,,,,,,,,,,Y,139,triangle,1,0,,,,,,,,,,,,,,,,repeat,number,numRpt,j,0.6283,Lo,,,,,,5,,,,,,,,low,9,0,9,0,1,,,,,,,,,
293365,2022-10-04_18h30.24.318,vts_reward_expectancy,2022.2.4,MacIntel,59.99880002,Chrome,1440,813,,,,,10,1140,,,,,,,,,,,,,,,,,F,174,circle,1,0,,,,,,,,,,,,,,,,repeat,number,numRpt,k,0.6362,Hi,,,,,,5,,,,,,,,low,10,0,10,0,1,,,,,,,,,
293365,2022-10-04_18h30.24.318,vts_reward_expectancy,2022.2.4,MacIntel,59.99880002,Chrome,1440,813,,,,,10,1150,,,,,,,,,,,,,,,,,W,125,triangle,1,0,,,,,,,,,,,,,,,,repeat,number,numRpt,j,0.7018,Lo,,,,,,5,,,,,,,,low,11,0,11,0,1,,,,,,,,,
293365,2022-10-04_18h30.24.318,vts_reward_expectancy,2022.2.4,MacIntel,59.99880002,Chrome,1440,813,,,,,1,1151,,,,,,,,,,,,,,,,,U,132,triangle,1,0,,,,,,,,,,,,,,,,repeat,number,numRpt,j,0.6526,Lo,,,,,,5,,,,,,,,low,12,0,12,0,1,,,,,,,,,
293365,2022-10-04_18h30.24.318,vts_reward_expectancy,2022.2.4,MacIntel,59.99880002,Chrome,1440,813,,,,,10,1161,,,,,,,,,,,,,,,,,H,167,circle,1,0,,,,,,,,,,,,,,,,switch,letter,lettSwt,d,0.5987,Hi,,,,,,5,,,,,,,,low,13,0,13,0,1,,,,,,,,,
293365,2022-10-04_18h30.24.318,vts_reward_expectancy,2022.2.4,MacIntel,59.99880002,Chrome,1440,813,,,,,10,1171,,,,,,,,,,,,,,,,,B,146,circle,1,0,,,,,,,,,,,,,,,,repeat,letter,lettRpt,d,0.5353,Hi,,,,,,5,,,,,,,,low,14,0,14,0,1,,,,,,,,,
293365,2022-10-04_18h30.24.318,vts_reward_expectancy,2022.2.4,MacIntel,59.99880002,Chrome,1440,813,,,,,10,1181,,,,,,,,,,,,,,,,,S,160,triangle,1,0,,,,,,,,,,,,,,,,switch,number,numSwt,k,0.8636,Lo,,,,,,5,,,,,,,,low,15,0,15,0,1,,,,,,,,,
293365,2022-10-04_18h30.24.318,vts_reward_expectancy,2022.2.4,MacIntel,59.99880002,Chrome,1440,813,,,,,1,1182,,,,,,,,,,,,,,,,,U,125,circle,1,0,,,,,,,,,,,,,,,,switch,letter,lettSwt,f,0.4862,Hi,,,,,,5,,,,,,,,low,16,0,16,0,1,,,,,,,,,
293365,2022-10-04_18h30.24.318,vts_reward_expectancy,2022.2.4,MacIntel,59.99880002,Chrome,1440,813,,,,,1,1183,,,,,,,,,,,,,,,,,Y,181,triangle,1,0,,,,,,,,,,,,,,,,switch,number,numSwt,k,0.5164,Lo,,,,,,5,,,,,,,,low,17,0,17,0,1,,,,,,,,,
293365,2022-10-04_18h30.24.318,vts_reward_expectancy,2022.2.4,MacIntel,59.99880002,Chrome,1440,813,,,,,1,1184,,,,,,,,,,,,,,,,,B,139,triangle,1,0,,,,,,,,,,,,,,,,repeat,number,numRpt,j,0.5649,Lo,,,,,,5,,,,,,,,low,18,0,18,0,1,,,,,,,,,
293365,2022-10-04_18h30.24.318,vts_reward_expectancy,2022.2.4,MacIntel,59.99880002,Chrome,1440,813,,,,,10,1194,,,,,,,,,,,,,,,,,F,160,circle,1,0,,,,,,,,,,,,,,,,repeat,number,numRpt,k,0.5818,Hi,,,,,,5,,,,,,,,low,19,0,19,0,1,,,,,,,,,
293365,2022-10-04_18h30.24.318,vts_reward_expectancy,2022.2.4,MacIntel,59.99880002,Chrome,1440,813,,,,,1,1195,,,,,,,,,,,,,,,,,S,174,triangle,1,0,,,,,,,,,,,,,,,,repeat,number,numRpt,k,0.7531,Lo,,,,,,5,,,,,,,,low,20,0,20,0,1,,,,,,,,,
293365,2022-10-04_18h30.24.318,vts_reward_expectancy,2022.2.4,MacIntel,59.99880002,Chrome,1440,813,,,,,1,1196,,,,,,,,,,,,,,,,,D,146,circle,1,0,,,,,,,,,,,,,,,,switch,letter,lettSwt,d,0.6813,Hi,,,,,,5,,,,,,,,low,21,0,21,0,1,,,,,,,,,
293365,2022-10-04_18h30.24.318,vts_reward_expectancy,2022.2.4,MacIntel,59.99880002,Chrome,1440,813,,,,,0,1196,,,,,,,,,,,,,,,,,H,167,circle,1,0,,,,,,,,,,,,,,,,repeat,letter,lettRpt,d,0.6317,Hi,,,,,,5,,,,,,,,low,22,0,22,0,1,,,,,,,,,
293365,2022-10-04_18h30.24.318,vts_reward_expectancy,2022.2.4,MacIntel,59.99880002,Chrome,1440,813,,,,,1,1197,,,,,,,,,,,,,,,,,W,132,triangle,1,0,,,,,,,,,,,,,,,,repeat,letter,lettRpt,f,0.4646,Lo,,,,,,5,,,,,,,,low,23,0,23,0,1,,,,,,,,,
293365,2022-10-04_18h30.24.318,vts_reward_expectancy,2022.2.4,MacIntel,59.99880002,Chrome,1440,813,,,,,1,1198,,,,,,,,,,,,,,,,,B,167,triangle,1,0,,,,,,,,,,,,,,,,switch,number,numSwt,k,0.6007,Lo,,,,,,5,,,,,,,,low,24,0,24,0,1,,,,,,,,,
293365,2022-10-04_18h30.24.318,vts_reward_expectancy,2022.2.4,MacIntel,59.99880002,Chrome,1440,813,,,,,0,1198,,,,,,,,,,,,,,,,,D,160,circle,1,0,,,,,,,,,,,,,,,,repeat,number,numRpt,k,0.7811,Hi,,,,,,5,,,,,,,,low,25,0,25,0,1,,,,,,,,,
293365,2022-10-04_18h30.24.318,vts_reward_expectancy,2022.2.4,MacIntel,59.99880002,Chrome,1440,813,,,,,1,1199,,,,,,,,,,,,,,,,,U,146,circle,1,0,,,,,,,,,,,,,,,,switch,letter,lettSwt,f,0.4849,Hi,,,,,,5,,,,,,,,low,26,0,26,0,1,,,,,,,,,
293365,2022-10-04_18h30.24.318,vts_reward_expectancy,2022.2.4,MacIntel,59.99880002,Chrome,1440,813,,,,,10,1209,,,,,,,,,,,,,,,,,Y,174,triangle,1,0,,,,,,,,,,,,,,,,switch,number,numSwt,k,0.6916,Lo,,,,,,5,,,,,,,,low,27,0,27,0,1,,,,,,,,,
293365,2022-10-04_18h30.24.318,vts_reward_expectancy,2022.2.4,MacIntel,59.99880002,Chrome,1440,813,,,,,1,1210,,,,,,,,,,,,,,,,,W,139,circle,1,0,,,,,,,,,,,,,,,,repeat,number,numRpt,j,0.4517,Hi,,,,,,5,,,,,,,,low,28,0,28,0,1,,,,,,,,,
293365,2022-10-04_18h30.24.318,vts_reward_expectancy,2022.2.4,MacIntel,59.99880002,Chrome,1440,813,,,,,1,1211,,,,,,,,,,,,,,,,,F,132,triangle,1,0,,,,,,,,,,,,,,,,switch,letter,lettSwt,d,0.6655,Lo,,,,,,5,,,,,,,,low,29,0,29,0,1,,,,,,,,,
293365,2022-10-04_18h30.24.318,vts_reward_expectancy,2022.2.4,MacIntel,59.99880002,Chrome,1440,813,,,,,10,1221,,,,,,,,,,,,,,,,,S,125,triangle,1,0,,,,,,,,,,,,,,,,repeat,letter,lettRpt,f,0.7769,Lo,,,,,,5,,,,,,,,low,30,0,30,0,1,,,,,,,,,
293365,2022-10-04_18h30.24.318,vts_reward_expectancy,2022.2.4,MacIntel,59.99880002,Chrome,1440,813,,,,,0,1221,,,,,,,,,,,,,,,,,H,181,circle,1,0,,,,,,,,,,,,,,,,switch,number,numSwt,k,0.5977,Hi,,,,,,5,,,,,,,,low,31,0,31,0,1,,,,,,,,,
293365,2022-10-04_18h30.24.318,vts_reward_expectancy,2022.2.4,MacIntel,59.99880002,Chrome,1440,813,,,,,,,,,,,,,,,,,,,,,,,,,,,,,,,,,,,,,,,,,,,,,,,,,,,,,,6,,,,,,,,,,,,,,Hand-eye coordination and association test,2,Shapes,4,3,,2,1440,900
